http://dbpedia.org/ontology/Place	17453917	4705233	12748684	17441806	12111	17452744	4701546	3687	4705070	12740260	8424	12747674
http://dbpedia.org/ontology/Airport	17343619	4678087	12665532	17310238	33381	17342907	4668409	9678	4678060	12641829	23703	12664847
http://dbpedia.org/ontology/Band	8045778	76955	7968823	218616	7827162	6228596	2	76953	76572	218614	7750209	6152024
http://dbpedia.org/ontology/MusicalArtist	5158154	61652	5096502	231719	4926435	4351198	576	61076	59463	231143	4865359	4291735
http://dbpedia.org/ontology/CareerStation	3783727	252	3783475	57	3783670	3783457	0	252	211	57	3783418	3783246
http://dbpedia.org/ontology/Person	3219743	199096	3020647	71915	3147828	2974792	59	199037	186011	71856	2948791	2788781
http://dbpedia.org/ontology/Company	1583852	491546	1092306	35985	1547867	1487509	12	491534	490698	35973	1056333	996811
http://dbpedia.org/ontology/VideoGame	1101943	37193	1064750	981384	120559	1099726	3	37190	37088	981381	83369	1062638
http://dbpedia.org/ontology/Organisation	1644096	586347	1057749	1432035	212061	924964	533498	52849	319357	898537	159212	605607
http://dbpedia.org/ontology/PopulatedPlace	1525578	532832	992746	1525578	0	815975	532832	0	266417	992746	0	549558
http://dbpedia.org/ontology/Language	1485925	552207	933718	1422988	62937	771316	532853	19354	285572	890135	43583	485744
http://dbpedia.org/ontology/Artwork	1443965	537750	906215	1423468	20497	733561	532832	4918	271241	890636	15579	462320
http://dbpedia.org/ontology/Device	1440087	537306	902781	1419317	20770	730551	532856	4450	270890	886461	16320	459661
http://dbpedia.org/ontology/Album	977370	165436	811934	83347	894023	953917	1050	164386	164004	82297	729637	789913
http://dbpedia.org/ontology/Settlement	1107610	385869	721741	3254	1104356	1022337	3	385866	383438	3251	718490	638899
http://dbpedia.org/ontology/Film	860548	150945	709603	84030	776518	789270	2	150943	149888	84028	625575	639382
http://dbpedia.org/ontology/Writer	676342	18404	657938	485	675857	516495	6	18398	17575	479	657459	498920
http://dbpedia.org/ontology/OfficeHolder	684944	28978	655966	1371	683573	630199	4	28974	28283	1367	654599	601916
http://dbpedia.org/ontology/Single	664428	108897	555531	851	663577	646400	0	108897	108072	851	554680	538328
http://dbpedia.org/ontology/MusicGenre	494621	10836	483785	504	494117	486598	1	10835	10786	503	483282	475812
http://dbpedia.org/ontology/SportsTeamMember	463936	205	463731	58	463878	463828	0	205	147	58	463673	463681
http://dbpedia.org/ontology/City	575282	178426	396856	7609	567673	505171	47	178379	176584	7562	389294	328587
http://dbpedia.org/ontology/Country	566604	197675	368929	15618	550986	520830	3	197672	196095	15615	353314	324735
http://dbpedia.org/ontology/SoccerPlayer	353076	23365	329711	120161	232915	332658	1	23364	21852	120160	209551	310806
http://dbpedia.org/ontology/Cricketer	303176	4731	298445	81	303095	291362	1	4730	4614	80	298365	286748
http://dbpedia.org/ontology/PersonFunction	257121	113	257008	107	257014	257037	25	88	109	82	256926	256928
http://dbpedia.org/ontology/University	294021	82524	211497	34898	259123	287398	1	82523	82423	34897	176600	204975
http://dbpedia.org/ontology/Town	324303	122229	202074	642	323661	302978	47	122182	121782	595	201479	181196
http://dbpedia.org/ontology/TimePeriod	199716	147	199569	96	199620	199624	23	124	142	73	199496	199482
http://dbpedia.org/ontology/Software	479150	301742	177408	5678	473472	462975	17	301725	301663	5661	171747	161312
http://dbpedia.org/ontology/AdministrativeRegion	278768	102325	176443	1124	277644	254497	3	102322	101938	1121	175322	152559
http://dbpedia.org/ontology/TelevisionShow	206865	66729	140136	4212	202653	203627	2	66727	66510	4210	135926	137117
http://dbpedia.org/ontology/Book	174043	42967	131076	12597	161446	169645	0	42967	42779	12597	118479	126866
http://dbpedia.org/ontology/GovernmentAgency	135730	13815	121915	948	134782	133653	1	13814	13770	947	120968	119883
http://dbpedia.org/ontology/SportsEvent	111433	186	111247	108655	2778	111313	1	185	133	108654	2593	111180
http://dbpedia.org/ontology/SoccerClub	130104	31901	98203	3595	126509	127353	1	31900	31485	3594	94609	95868
http://dbpedia.org/ontology/Ship	138282	46073	92209	3075	135207	136053	1	46072	45730	3074	89135	90323
http://dbpedia.org/ontology/Village	130882	43655	87227	459	130423	124393	1	43654	43440	458	86769	80953
http://dbpedia.org/ontology/Bank	110121	25049	85072	570	109551	105517	0	25049	25000	570	84502	80517
http://dbpedia.org/ontology/PoliticalParty	90260	11609	78651	331	89929	89361	3	11606	11444	328	78323	77917
http://dbpedia.org/ontology/Song	93161	15937	77224	1592	91569	92738	0	15937	15928	1592	75632	76810
http://dbpedia.org/ontology/Scientist	83200	10585	72615	908	82292	78928	2	10583	10367	906	71709	68561
http://dbpedia.org/ontology/EthnicGroup	130893	59696	71197	1205	129688	122516	68	59628	59556	1137	70060	62960
http://dbpedia.org/ontology/Building	106142	35519	70623	4001	102141	103715	2	35517	34805	3999	66624	68910
http://dbpedia.org/ontology/Airline	81960	11678	70282	1003	80957	81475	1	11677	11667	1002	69280	69808
http://dbpedia.org/ontology/Newspaper	97661	28923	68738	1506	96155	95155	1	28922	28857	1505	67233	66298
http://dbpedia.org/ontology/MilitaryUnit	78850	10117	68733	10104	68746	78107	1	10116	10016	10103	58630	68091
http://dbpedia.org/ontology/TelevisionStation	93338	28350	64988	8611	84727	90140	1	28349	28301	8610	56378	61839
http://dbpedia.org/ontology/Athlete	64810	4944	59866	7933	56877	60840	4	4940	4563	7929	51937	56277
http://dbpedia.org/ontology/Royalty	64765	10422	54343	310	64455	62557	1	10421	10308	309	54034	52249
http://dbpedia.org/ontology/Plant	72385	19535	52850	73	72312	69392	2	19533	19270	71	52779	50122
http://dbpedia.org/ontology/Year	53170	533	52637	285	52885	17024	2	531	456	283	52354	16568
http://dbpedia.org/ontology/School	77623	25804	51819	1644	75979	76841	410	25394	25752	1234	50585	51089
http://dbpedia.org/ontology/MilitaryPerson	60808	9214	51594	3427	57381	56785	4	9210	9072	3423	48171	47713
http://dbpedia.org/ontology/Politician	54227	4149	50078	11606	42621	51903	1	4148	3984	11605	38473	47919
http://dbpedia.org/ontology/Magazine	71703	22433	49270	410	71293	70722	1	22432	22392	409	48861	48330
http://dbpedia.org/ontology/TennisPlayer	49233	2115	47118	2407	46826	47729	0	2115	1935	2407	44711	45794
http://dbpedia.org/ontology/Website	82947	41357	41590	1678	81269	71636	3	41354	41338	1675	39915	30298
http://dbpedia.org/ontology/FictionalCharacter	59374	17867	41507	6436	52938	58502	2	17865	17835	6434	35073	40667
http://dbpedia.org/ontology/Legislature	44621	3479	41142	166	44455	44288	2	3477	3463	164	40978	40825
http://dbpedia.org/ontology/MilitaryConflict	48034	8386	39648	2597	45437	43225	0	8386	8024	2597	37051	35201
http://dbpedia.org/ontology/Disease	84793	45648	39145	2598	82195	82072	67	45581	45571	2531	36614	36501
http://dbpedia.org/ontology/River	61295	22771	38524	3621	57674	60189	0	22771	22709	3621	34903	37480
http://dbpedia.org/ontology/InformationAppliance	52752	15123	37629	267	52485	52381	0	15123	15099	267	37362	37282
http://dbpedia.org/ontology/RecordLabel	50743	13196	37547	152	50591	46049	1	13195	13189	151	37396	32860
http://dbpedia.org/ontology/Automobile	55690	18737	36953	2450	53240	55397	0	18737	18720	2450	34503	36677
http://dbpedia.org/ontology/AmericanFootballPlayer	42098	8074	34024	2412	39686	38091	1	8073	7944	2411	31613	30147
http://dbpedia.org/ontology/SportsTeam	49028	16266	32762	4614	44414	48159	2	16264	16233	4612	28150	31926
http://dbpedia.org/ontology/ComicsCharacter	49296	16696	32600	141	49155	48441	2	16694	16663	139	32461	31778
http://dbpedia.org/ontology/Aircraft	42931	10566	32365	2117	40814	42540	6	10560	10524	2111	30254	32016
http://dbpedia.org/ontology/TelevisionEpisode	43739	13686	30053	198	43541	43332	0	13686	13623	198	29855	29709
http://dbpedia.org/ontology/Species	33774	3950	29824	25841	7933	33554	24	3926	3939	25817	4007	29615
http://dbpedia.org/ontology/SoccerManager	33539	4356	29183	42	33497	30540	0	4356	4035	42	29141	26505
http://dbpedia.org/ontology/Station	44138	15078	29060	574	43564	43290	1	15077	14867	573	28487	28423
http://dbpedia.org/ontology/Artist	35073	6506	28567	1078	33995	32210	46	6460	6346	1032	27535	25864
http://dbpedia.org/ontology/ChemicalCompound	36960	8540	28420	2553	34407	31291	9	8531	8501	2544	25876	22790
http://dbpedia.org/ontology/BasketballPlayer	32122	3825	28297	9013	23109	30757	0	3825	3676	9013	19284	27081
http://dbpedia.org/ontology/AnatomicalStructure	45948	17968	27980	545	45403	36649	24	17944	17948	521	27459	18701
http://dbpedia.org/ontology/Island	75167	47268	27899	3699	71468	73331	0	47268	47196	3699	24200	26135
http://dbpedia.org/ontology/BaseballPlayer	33960	6599	27361	86	33874	28901	3	6596	6358	83	27278	22543
http://dbpedia.org/ontology/BroadcastNetwork	39779	12765	27014	365	39414	39244	0	12765	12756	365	26649	26488
http://dbpedia.org/ontology/Drug	31171	5287	25884	1129	30042	24153	13	5274	5282	1116	24768	18871
http://dbpedia.org/ontology/Comedian	27538	3041	24497	36	27502	26618	3	3038	2730	33	24464	23888
http://dbpedia.org/ontology/Stadium	31460	7239	24221	982	30478	30850	0	7239	7138	982	23239	23712
http://dbpedia.org/ontology/Mountain	30497	6370	24127	4687	25810	28901	1	6369	6301	4686	19441	22600
http://dbpedia.org/ontology/RadioStation	37601	13681	23920	361	37240	37106	0	13681	13646	361	23559	23460
http://dbpedia.org/ontology/Road	57075	33911	23164	1922	55153	56151	1	33910	33803	1921	21243	22348
http://dbpedia.org/ontology/Holiday	23991	1298	22693	404	23587	23638	70	1228	1268	334	22359	22370
http://dbpedia.org/ontology/Insect	26945	5452	21493	154	26791	23170	0	5452	5429	154	21339	17741
http://dbpedia.org/ontology/Monarch	27635	7007	20628	3896	23739	27306	3	7004	6980	3893	16735	20326
http://dbpedia.org/ontology/IceHockeyPlayer	21771	1977	19794	1199	20572	19360	0	1977	1747	1199	18595	17613
http://dbpedia.org/ontology/Food	29591	10072	19519	351	29240	28468	25	10047	10011	326	19193	18457
http://dbpedia.org/ontology/GivenName	24820	5787	19033	156	24664	23613	6	5781	5675	150	18883	17938
http://dbpedia.org/ontology/HockeyTeam	28861	10082	18779	61	28800	28683	1	10081	10024	60	18719	18659
http://dbpedia.org/ontology/BasketballTeam	25149	6747	18402	773	24376	24850	6	6741	6720	767	17635	18130
http://dbpedia.org/ontology/AcademicJournal	21713	3458	18255	347	21366	21606	0	3458	3454	347	17908	18152
http://dbpedia.org/ontology/AmericanFootballTeam	24082	7107	16975	98	23984	23936	0	7107	7107	98	16877	16829
http://dbpedia.org/ontology/SoccerLeague	22837	5942	16895	59	22778	22642	0	5942	5909	59	16836	16733
http://dbpedia.org/ontology/Non-ProfitOrganisation	21064	4405	16659	370	20694	17908	1	4404	4393	369	16290	13515
http://dbpedia.org/ontology/ProgrammingLanguage	55031	38955	16076	380	54651	53352	1	38954	38949	379	15697	14403
http://dbpedia.org/ontology/Judge	16477	478	15999	18	16459	15967	5	473	457	13	15986	15510
http://dbpedia.org/ontology/Award	18344	2496	15848	946	17398	17970	24	2472	2403	922	14926	15567
http://dbpedia.org/ontology/HistoricBuilding	17636	1820	15816	384	17252	17354	1	1819	1798	383	15433	15556
http://dbpedia.org/ontology/CricketTeam	17403	1601	15802	21	17382	17193	2	1599	1589	19	15783	15604
http://dbpedia.org/ontology/Weapon	26363	10709	15654	144	26219	26013	0	10709	10690	144	15510	15323
http://dbpedia.org/ontology/Museum	19525	4044	15481	3109	16416	19173	1	4043	4011	3108	12373	15162
http://dbpedia.org/ontology/Wrestler	21066	5691	15375	23	21043	20225	2	5689	5638	21	15354	14587
http://dbpedia.org/ontology/Boxer	17555	2578	14977	21	17534	16004	3	2575	2537	18	14959	13467
http://dbpedia.org/ontology/Continent	20206	5348	14858	482	19724	18779	2	5346	5328	480	14378	13451
http://dbpedia.org/ontology/Publisher	23274	8466	14808	92	23182	23129	0	8466	8449	92	14716	14680
http://dbpedia.org/ontology/Lake	20715	6009	14706	1872	18843	19987	1	6008	5999	1871	12835	13988
http://dbpedia.org/ontology/Saint	23318	8748	14570	2206	21112	22368	1	8747	8712	2205	12365	13656
http://dbpedia.org/ontology/Mammal	36146	21652	14494	51	36095	34866	2	21650	21452	49	14445	13414
http://dbpedia.org/ontology/FormulaOneRacer	14891	481	14410	106	14785	14781	0	481	472	106	14304	14309
http://dbpedia.org/ontology/Protein	22357	8183	14174	299	22058	21469	16	8167	8174	283	13891	13295
http://dbpedia.org/ontology/Locomotive	17529	3544	13985	17	17512	9712	2	3542	3544	15	13970	6168
http://dbpedia.org/ontology/RailwayStation	15149	1275	13874	7885	7264	14349	0	1275	1216	7885	5989	13133
http://dbpedia.org/ontology/BaseballTeam	20523	6994	13529	122	20401	20113	0	6994	6990	122	13407	13123
http://dbpedia.org/ontology/BadmintonPlayer	13197	34	13163	312	12885	13066	0	34	34	312	12851	13032
http://dbpedia.org/ontology/ShoppingMall	15690	2627	13063	8509	7181	15601	1	2626	2618	8508	4555	12983
http://dbpedia.org/ontology/Criminal	14021	1361	12660	373	13648	13524	2	1359	1340	371	12289	12184
http://dbpedia.org/ontology/Planet	14915	2377	12538	68	14847	13867	0	2377	2258	68	12470	11609
http://dbpedia.org/ontology/Manga	16947	4449	12498	19	16928	16253	0	4449	4440	19	12479	11813
http://dbpedia.org/ontology/PublicTransitSystem	16066	3789	12277	25	16041	15882	5	3784	3768	20	12257	12114
http://dbpedia.org/ontology/MemberOfParliament	13290	1447	11843	277	13013	12606	0	1447	1379	277	11566	11227
http://dbpedia.org/ontology/Play	15612	3866	11746	372	15240	15546	1	3865	3858	371	11375	11688
http://dbpedia.org/ontology/HistoricPlace	16392	4743	11649	522	15870	15546	0	4743	4459	522	11127	11087
http://dbpedia.org/ontology/Actor	12979	1885	11094	1960	11019	11902	4	1881	1638	1956	9138	10264
http://dbpedia.org/ontology/Currency	28374	17678	10696	697	27677	27915	68	17610	17648	629	10067	10267
http://dbpedia.org/ontology/ProtectedArea	14906	4231	10675	412	14494	14087	0	4231	4171	412	10263	9916
http://dbpedia.org/ontology/BusCompany	12883	2279	10604	341	12542	12834	0	2279	2275	341	10263	10559
http://dbpedia.org/ontology/ChristianBishop	13080	2534	10546	2719	10361	12192	1	2533	2490	2718	7828	9702
http://dbpedia.org/ontology/Comic	14407	3924	10483	17	14390	14334	0	3924	3920	17	10466	10414
http://dbpedia.org/ontology/TennisTournament	10493	72	10421	9999	494	10460	0	72	63	9999	422	10397
http://dbpedia.org/ontology/GolfTournament	10542	183	10359	8490	2052	10414	0	183	180	8490	1869	10234
http://dbpedia.org/ontology/AdultActor	12998	2978	10020	481	12517	11579	1	2977	2947	480	9540	8632
http://dbpedia.org/ontology/President	11205	1275	9930	956	10249	10038	3	1272	1215	953	8977	8823
http://dbpedia.org/ontology/Convention	11234	1380	9854	351	10883	11026	2	1378	1359	349	9505	9667
http://dbpedia.org/ontology/RugbyClub	14959	5120	9839	12	14947	14762	0	5120	5108	12	9827	9654
http://dbpedia.org/ontology/SoapCharacter	15745	5990	9755	21	15724	15361	0	5990	5978	21	9734	9383
http://dbpedia.org/ontology/RugbyPlayer	14395	4721	9674	38	14357	13406	0	4721	4660	38	9636	8746
http://dbpedia.org/ontology/Agent	9663	39	9624	9663	0	9184	39	0	39	9624	0	9145
http://dbpedia.org/ontology/Work	9578	28	9550	9578	0	9559	28	0	28	9550	0	9531
http://schema.org/Country	9461	0	9461	9461	0	9460	0	0	0	9461	0	9460
http://dbpedia.org/ontology/Bridge	11713	2296	9417	1178	10535	11265	2	2294	2273	1176	8241	8992
http://www.wikidata.org/entity/Q6256	9396	0	9396	9396	0	9394	0	0	0	9396	0	9394
http://dbpedia.org/ontology/Philosopher	13504	4240	9264	69	13435	12960	4	4236	4181	65	9199	8779
http://dbpedia.org/ontology/Model	10595	1345	9250	58	10537	10236	5	1340	1262	53	9197	8974
http://dbpedia.org/ontology/Sport	12814	3642	9172	1591	11223	12577	6	3636	3616	1585	7587	8961
http://dbpedia.org/ontology/Venue	11999	3003	8996	418	11581	11776	0	3003	2964	418	8578	8812
http://dbpedia.org/ontology/Bird	16050	7056	8994	301	15749	15294	0	7056	6783	301	8693	8511
http://dbpedia.org/ontology/Musical	13095	4167	8928	162	12933	12890	0	4167	4153	162	8766	8737
http://dbpedia.org/ontology/GolfPlayer	10187	1362	8825	220	9967	9465	3	1359	1345	217	8608	8120
http://dbpedia.org/ontology/MilitaryStructure	12578	3832	8746	350	12228	12168	2	3830	3817	348	8398	8351
http://dbpedia.org/ontology/FormulaOneTeam	9648	1046	8602	11	9637	9625	2	1044	1046	9	8593	8579
http://www.wikidata.org/entity/Q176799	8569	0	8569	8569	0	8568	0	0	0	8569	0	8568
http://dbpedia.org/ontology/Tournament	8494	1	8493	8494	0	8493	1	0	1	8493	0	8492
http://www.wikidata.org/entity/Q500834	8489	0	8489	8489	0	8488	0	0	0	8489	0	8488
http://www.wikidata.org/entity/Q15061650	8488	0	8488	8488	0	8487	0	0	0	8488	0	8487
http://schema.org/SportsEvent	8487	0	8487	8487	0	8486	0	0	0	8487	0	8486
http://schema.org/TelevisionStation	8486	0	8486	8486	0	8485	0	0	0	8486	0	8485
http://www.wikidata.org/entity/Q11315	8478	0	8478	8478	0	8477	0	0	0	8478	0	8477
http://schema.org/ShoppingCenter	8478	0	8478	8478	0	8477	0	0	0	8478	0	8477
http://dbpedia.org/ontology/ComicsCreator	10698	2264	8434	198	10500	9851	1	2263	2132	197	8237	7719
http://dbpedia.org/ontology/WrittenWork	13509	5144	8365	729	12780	13445	1	5143	5135	728	7637	8310
http://dbpedia.org/ontology/SoccerTournament	8900	576	8324	13	8887	8609	0	576	402	13	8311	8207
http://dbpedia.org/ontology/Election	9174	899	8275	366	8808	8053	1	898	704	365	7910	7349
http://dbpedia.org/ontology/Cyclist	9714	1602	8112	2322	7392	8760	0	1602	1462	2322	5790	7298
http://dbpedia.org/ontology/Astronaut	8393	406	7987	105	8288	8327	3	403	396	102	7885	7931
http://dbpedia.org/ontology/EurovisionSongContestEntry	11388	3436	7952	39	11349	11355	0	3436	3436	39	7913	7919
http://dbpedia.org/ontology/Pope	8152	568	7584	183	7969	4614	0	568	568	183	7401	4046
http://dbpedia.org/ontology/GridironFootballPlayer	9231	1666	7565	31	9200	7470	1	1665	1658	30	7535	5812
http://dbpedia.org/ontology/CollegeCoach	9377	2151	7226	115	9262	7437	5	2146	2109	110	7116	5328
http://dbpedia.org/ontology/RailwayLine	10801	3621	7180	363	10438	10448	0	3621	3549	363	6817	6899
http://dbpedia.org/ontology/NascarDriver	7603	444	7159	23	7580	2720	0	444	398	23	7136	2322
http://dbpedia.org/ontology/MountainRange	9560	2604	6956	470	9090	9341	0	2604	2571	470	6486	6770
http://dbpedia.org/ontology/Fish	9766	2846	6920	158	9608	9432	0	2846	2766	158	6762	6666
http://dbpedia.org/ontology/Colour	9479	2847	6632	328	9151	8601	68	2779	2821	260	6372	5780
http://dbpedia.org/ontology/ArtificialSatellite	7975	1352	6623	21	7954	7926	0	1352	1348	21	6602	6578
http://dbpedia.org/ontology/TelevisionSeason	6726	288	6438	4450	2276	6578	0	288	285	4450	1988	6293
http://dbpedia.org/ontology/FigureSkater	6959	614	6345	29	6930	5661	1	613	559	28	6317	5102
http://dbpedia.org/ontology/ReligiousBuilding	6960	640	6320	2966	3994	6583	0	640	620	2966	3354	5963
http://dbpedia.org/ontology/Governor	7227	917	6310	347	6880	6887	3	914	898	344	5966	5989
http://dbpedia.org/ontology/Economist	6690	427	6263	27	6663	6294	9	418	416	18	6245	5878
http://dbpedia.org/ontology/PowerStation	7225	1027	6198	316	6909	7043	0	1027	1011	316	5882	6032
http://dbpedia.org/ontology/BeautyQueen	6583	414	6169	228	6355	6347	3	411	380	225	5944	5967
http://dbpedia.org/ontology/SportsSeason	6129	26	6103	6129	0	6107	26	0	26	6103	0	6081
http://dbpedia.org/ontology/Swimmer	6684	586	6098	1948	4736	6329	0	586	533	1948	4150	5796
http://dbpedia.org/ontology/Noble	8166	2088	6078	22	8144	7863	4	2084	2055	18	6060	5808
http://dbpedia.org/ontology/Mollusca	7764	1712	6052	14	7750	7660	0	1712	1650	14	6038	6010
http://dbpedia.org/ontology/MartialArtist	7324	1379	5945	36	7288	6905	0	1379	1308	36	5909	5597
http://dbpedia.org/ontology/SoccerClubSeason	6551	646	5905	347	6204	6186	1	645	345	346	5559	5841
http://dbpedia.org/ontology/Park	7486	1809	5677	376	7110	7309	2	1807	1784	374	5303	5525
http://dbpedia.org/ontology/AmericanFootballLeague	9581	3927	5654	12	9569	9549	0	3927	3927	12	5642	5622
http://dbpedia.org/ontology/Diocese	8413	2759	5654	699	7714	8307	1	2758	2756	698	4956	5551
http://dbpedia.org/ontology/Restaurant	7519	1905	5614	362	7157	7468	1	1904	1864	361	5253	5604
http://dbpedia.org/ontology/Congressman	6894	1319	5575	345	6549	6003	0	1319	1304	345	5230	4699
http://dbpedia.org/ontology/PrimeMinister	6107	600	5507	30	6077	5540	0	600	578	30	5477	4962
http://dbpedia.org/ontology/Dam	6241	741	5500	419	5822	6130	2	739	738	417	5083	5392
http://dbpedia.org/ontology/Olympics	5768	274	5494	7	5761	5736	1	273	265	6	5488	5471
http://dbpedia.org/ontology/Activity	5129	25	5104	1471	3658	5123	25	0	25	1446	3658	5098
http://dbpedia.org/ontology/Mineral	8696	3638	5058	2779	5917	8599	9	3629	3619	2770	2288	4980
http://dbpedia.org/ontology/Beverage	7356	2457	4899	116	7240	7086	1	2456	2430	115	4784	4656
http://dbpedia.org/ontology/Mayor	5151	285	4866	850	4301	3596	1	284	272	849	4017	3324
http://dbpedia.org/ontology/Broadcaster	4797	4	4793	4797	0	4793	4	0	4	4793	0	4789
http://dbpedia.org/ontology/Ambassador	4969	198	4771	45	4924	4784	3	195	192	42	4729	4592
http://dbpedia.org/ontology/RaceHorse	11264	6652	4612	53	11211	11206	0	6652	6648	53	4559	4558
http://dbpedia.org/ontology/Hospital	8918	4335	4583	508	8410	8747	0	4335	4332	508	4075	4415
http://dbpedia.org/ontology/Animal	5984	1478	4506	358	5626	5864	0	1478	1403	358	4148	4461
http://dbpedia.org/ontology/Rocket	4706	243	4463	76	4630	4653	2	241	242	74	4389	4411
http://dbpedia.org/ontology/RacingDriver	5567	1140	4427	928	4639	4645	0	1140	1091	928	3499	3554
http://dbpedia.org/ontology/Game	5438	1119	4319	1005	4433	5322	5	1114	1107	1000	3319	4215
http://dbpedia.org/ontology/Religious	4977	667	4310	20	4957	4800	3	664	647	17	4293	4153
http://dbpedia.org/ontology/BasketballLeague	7056	2750	4306	41	7015	7024	0	2750	2746	41	4265	4278
http://dbpedia.org/ontology/Architect	5264	976	4288	49	5215	4922	3	973	963	46	4242	3959
http://dbpedia.org/ontology/Cardinal	4590	318	4272	1923	2667	4491	1	317	311	1922	2350	4180
http://dbpedia.org/ontology/SportsLeague	5440	1181	4259	154	5286	5413	2	1179	1174	152	4107	4239
http://dbpedia.org/ontology/FilmFestival	4640	444	4196	54	4586	4588	1	443	441	53	4143	4147
http://dbpedia.org/ontology/RadioProgram	5583	1450	4133	23	5560	5534	3	1447	1444	20	4113	4090
http://dbpedia.org/ontology/Volcano	5415	1350	4065	368	5047	5329	0	1350	1345	368	3697	3984
http://schema.org/Place	3891	0	3891	3891	0	3879	0	0	0	3891	0	3879
http://www.wikidata.org/entity/Q1914636	3684	0	3684	26	3658	3684	0	0	0	26	3658	3684
http://dbpedia.org/ontology/Sales	3687	15	3672	29	3658	3680	15	0	10	14	3658	3670
http://www.wikidata.org/entity/Q194189	3665	0	3665	7	3658	3665	0	0	0	7	3658	3665
http://dbpedia.org/ontology/MotorcycleRider	3930	312	3618	755	3175	3344	0	312	300	755	2863	3044
http://dbpedia.org/ontology/GrandPrix	3658	77	3581	379	3279	3579	0	77	70	379	3202	3509
http://dbpedia.org/ontology/LawFirm	6235	2692	3543	21	6214	6139	0	2692	2692	21	3522	3447
http://dbpedia.org/ontology/Castle	3748	243	3505	1308	2440	3421	4	239	232	1304	2201	3189
http://dbpedia.org/ontology/NCAATeamSeason	4301	809	3492	7	4294	3875	0	809	560	7	3485	3315
http://dbpedia.org/ontology/WorldHeritageSite	4250	833	3417	368	3882	3847	2	831	801	366	3051	3046
http://dbpedia.org/ontology/ChessPlayer	3588	179	3409	71	3517	3476	2	177	162	69	3340	3314
http://dbpedia.org/ontology/BodyOfWater	4858	1453	3405	380	4478	4813	1	1452	1449	379	3026	3364
http://dbpedia.org/ontology/Location	4290	905	3385	4290	0	4286	905	0	905	3385	0	3381
http://dbpedia.org/ontology/Monument	3546	165	3381	393	3153	2445	1	164	164	392	2989	2281
http://dbpedia.org/ontology/GaelicGamesPlayer	6848	3473	3375	18	6830	6177	1	3472	3452	17	3358	2725
http://dbpedia.org/ontology/Gymnast	3501	165	3336	37	3464	3365	2	163	146	35	3301	3219
http://dbpedia.org/ontology/AustralianRulesFootballPlayer	4516	1185	3331	15	4501	3957	0	1185	1144	15	3316	2813
http://dbpedia.org/ontology/OlympicEvent	3564	250	3314	9	3555	3373	0	250	140	9	3305	3233
http://dbpedia.org/ontology/Anime	4335	1057	3278	57	4278	4173	0	1057	1054	57	3221	3119
http://dbpedia.org/ontology/FootballLeagueSeason	4188	915	3273	10	4178	3664	0	915	478	10	3263	3186
http://dbpedia.org/ontology/Theatre	4466	1257	3209	1234	3232	4388	0	1257	1252	1234	1975	3136
http://dbpedia.org/ontology/VolleyballPlayer	3438	278	3160	1490	1948	3381	0	278	258	1490	1670	3123
http://dbpedia.org/ontology/Hotel	4225	1098	3127	712	3513	4112	3	1095	1082	709	2418	3030
http://dbpedia.org/ontology/ScreenWriter	3206	131	3075	13	3193	3053	0	131	114	13	3062	2939
http://dbpedia.org/ontology/ArtistDiscography	3148	84	3064	18	3130	2973	0	84	83	18	3046	2890
http://dbpedia.org/ontology/FootballMatch	3268	243	3025	337	2931	3151	6	237	154	331	2694	2997
http://dbpedia.org/ontology/Bacteria	3322	367	2955	31	3291	2226	0	367	363	31	2924	1863
http://dbpedia.org/ontology/Grape	3338	410	2928	219	3119	3156	1	409	382	218	2710	2774
http://dbpedia.org/ontology/Brewery	3015	89	2926	625	2390	2972	0	89	89	625	2301	2883
http://dbpedia.org/ontology/CelestialBody	2851	2	2849	2851	0	2845	2	0	2	2849	0	2843
http://dbpedia.org/ontology/Fungus	5092	2248	2844	8	5084	4950	2	2246	2231	6	2838	2719
http://dbpedia.org/ontology/HollywoodCartoon	4047	1209	2838	8	4039	4034	0	1209	1208	8	2830	2826
http://dbpedia.org/ontology/FashionDesigner	3329	496	2833	21	3308	3123	0	496	480	21	2812	2643
http://dbpedia.org/ontology/AmateurBoxer	2890	104	2786	10	2880	2741	1	103	98	9	2777	2643
http://dbpedia.org/ontology/Event	3252	485	2767	646	2606	3044	24	461	328	622	2145	2716
http://dbpedia.org/ontology/AthleticsPlayer	2749	2	2747	2749	0	2749	2	0	2	2747	0	2747
http://dbpedia.org/ontology/Arachnid	3583	866	2717	12	3571	3550	0	866	865	12	2705	2685
http://purl.org/vocommons/voaf#Vocabulary	2676	0	2676	2676	0	2676	0	0	0	2676	0	2676
http://dbpedia.org/ontology/SquashPlayer	2755	97	2658	31	2724	2680	2	95	94	29	2629	2586
http://dbpedia.org/ontology/TradeUnion	3859	1225	2634	43	3816	3820	6	1219	1219	37	2597	2601
http://dbpedia.org/ontology/RollerCoaster	3661	1048	2613	474	3187	3590	2	1046	995	472	2141	2595
http://dbpedia.org/ontology/TennisLeague	2632	21	2611	56	2576	2629	0	21	21	56	2555	2608
http://dbpedia.org/ontology/Brain	4041	1449	2592	25	4016	3598	12	1437	1441	13	2579	2157
http://dbpedia.org/ontology/ClassicalMusicArtist	2579	57	2522	13	2566	1206	3	54	52	10	2512	1154
http://dbpedia.org/ontology/Library	3066	546	2520	438	2628	3037	2	544	544	436	2084	2493
http://dbpedia.org/ontology/BusinessPerson	2585	67	2518	18	2567	2520	3	64	62	15	2503	2458
http://dbpedia.org/ontology/ComedyGroup	4525	2012	2513	10	4515	4519	1	2011	2010	9	2504	2509
http://dbpedia.org/ontology/Skier	2718	207	2511	844	1874	2450	0	207	170	844	1667	2280
http://dbpedia.org/ontology/Chef	3351	871	2480	31	3320	3254	3	868	826	28	2452	2428
http://dbpedia.org/ontology/CultivatedVariety	3168	715	2453	27	3141	3119	0	715	696	27	2426	2423
http://dbpedia.org/ontology/WrestlingEvent	3015	618	2397	11	3004	2945	1	617	611	10	2387	2334
http://dbpedia.org/ontology/Enzyme	2499	105	2394	922	1577	2322	15	90	99	907	1487	2223
http://dbpedia.org/ontology/MountainPass	3319	971	2348	468	2851	3176	1	970	971	467	1881	2205
http://dbpedia.org/ontology/SportFacility	2348	1	2347	2348	0	2348	1	0	1	2347	0	2347
http://dbpedia.org/ontology/WineRegion	3276	983	2293	470	2806	3253	0	983	983	470	1823	2270
http://dbpedia.org/ontology/Painter	2498	215	2283	275	2223	2101	0	215	213	275	2008	1888
http://dbpedia.org/ontology/AnimangaCharacter	3318	1036	2282	7	3311	3272	1	1035	1032	6	2276	2240
http://dbpedia.org/ontology/Winery	2589	327	2262	332	2257	2576	1	326	327	331	1931	2249
http://dbpedia.org/ontology/IceHockeyLeague	2676	427	2249	122	2554	2237	0	427	418	122	2127	1819
http://dbpedia.org/ontology/MetroStation	2193	0	2193	2193	0	2193	0	0	0	2193	0	2193
http://xmlns.com/foaf/0.1/Person	4440	2250	2190	4440	0	4391	2250	0	2250	2190	0	2141
http://dbpedia.org/ontology/State	2158	0	2158	2158	0	2137	0	0	0	2158	0	2137
http://dbpedia.org/ontology/Senator	2626	510	2116	91	2535	2472	0	510	505	91	2025	1967
http://dbpedia.org/ontology/NationalFootballLeagueEvent	2208	94	2114	9	2199	2205	0	94	94	9	2105	2111
http://dbpedia.org/ontology/FieldHockeyLeague	2111	2	2109	103	2008	2036	0	2	2	103	2006	2034
http://dbpedia.org/ontology/Journalist	2296	236	2060	35	2261	2063	4	232	208	31	2029	1855
http://dbpedia.org/ontology/Reptile	3764	1715	2049	12	3752	3645	0	1715	1653	12	2037	1992
http://dbpedia.org/ontology/Engineer	2406	470	1936	66	2340	2335	5	465	467	61	1875	1868
http://dbpedia.org/ontology/CyclingCompetition	1930	1	1929	1930	0	1930	1	0	1	1929	0	1929
http://dbpedia.org/ontology/Train	2443	548	1895	27	2416	1972	2	546	467	25	1870	1505
http://dbpedia.org/ontology/AutomobileEngine	3253	1359	1894	17	3236	3236	1	1358	1359	16	1878	1877
http://dbpedia.org/ontology/LacrossePlayer	1978	85	1893	1285	693	1589	0	85	84	1285	608	1505
http://dbpedia.org/ontology/HorseRace	2644	776	1868	13	2631	2584	0	776	773	13	1855	1811
http://www.wikidata.org/entity/Q5	1853	14	1839	1853	0	1845	14	0	8	1839	0	1837
http://dbpedia.org/ontology/BaseballLeague	2745	921	1824	26	2719	2717	1	920	910	25	1799	1807
http://dbpedia.org/ontology/Crustacean	2867	1048	1819	10	2857	2847	0	1048	1046	10	1809	1801
http://dbpedia.org/ontology/SkiArea	3068	1274	1794	330	2738	3041	1	1273	1274	329	1465	1767
http://dbpedia.org/ontology/EducationalInstitution	2149	367	1782	1652	497	2136	1	366	365	1651	131	1771
http://dbpedia.org/ontology/Star	3058	1285	1773	284	2774	2756	1	1284	1030	283	1490	1726
http://dbpedia.org/ontology/NationalFootballLeagueSeason	1790	28	1762	8	1782	1646	0	28	22	8	1754	1624
http://dbpedia.org/ontology/AmericanFootballCoach	2078	322	1756	9	2069	2029	0	322	318	9	1747	1711
http://dbpedia.org/ontology/Lighthouse	2238	540	1698	260	1978	2192	0	540	536	260	1438	1656
http://dbpedia.org/ontology/RugbyLeague	2021	328	1693	77	1944	1979	0	328	319	77	1616	1660
http://dbpedia.org/ontology/Poem	3088	1396	1692	6	3082	3082	0	1396	1396	6	1686	1686
http://dbpedia.org/ontology/VoiceActor	1870	180	1690	23	1847	1651	1	179	143	22	1668	1508
http://www.w3.org/2004/02/skos/core#Concept	1682	0	1682	1682	0	1682	0	0	0	1682	0	1682
http://dbpedia.org/ontology/SupremeCourtOfTheUnitedStatesCase	1759	106	1653	130	1629	1720	0	106	103	130	1523	1617
http://dbpedia.org/ontology/PlayboyPlaymate	1739	91	1648	14	1725	1720	3	88	81	11	1637	1639
http://dbpedia.org/ontology/ArchitecturalStructure	1680	39	1641	1149	531	1664	0	39	39	1149	492	1625
http://dbpedia.org/ontology/Canal	1678	85	1593	18	1660	1658	0	85	82	18	1575	1576
http://dbpedia.org/ontology/Fencer	1589	0	1589	1589	0	1589	0	0	0	1589	0	1589
http://www.wikidata.org/entity/Q24229398	1598	14	1584	1598	0	1595	14	0	14	1584	0	1581
http://dbpedia.org/ontology/SpaceStation	2095	525	1570	19	2076	2036	0	525	525	19	1551	1511
http://www.wikidata.org/entity/Q215627	1548	6	1542	1548	0	1547	6	0	6	1542	0	1541
http://dbpedia.org/ontology/Sound	1576	52	1524	7	1569	1557	1	51	52	6	1518	1505
http://dbpedia.org/ontology/CanadianFootballTeam	2176	666	1510	59	2117	2132	0	666	666	59	1451	1466
http://dbpedia.org/ontology/Prison	2087	581	1506	347	1740	2036	0	581	576	347	1159	1460
http://dbpedia.org/ontology/Bone	2175	683	1492	66	2109	2144	14	669	670	52	1440	1474
http://schema.org/Person	1495	6	1489	1495	0	1493	6	0	6	1489	0	1487
http://dbpedia.org/ontology/Muscle	1525	57	1468	22	1503	1500	12	45	53	10	1458	1447
http://dbpedia.org/ontology/MythologicalFigure	2017	595	1422	101	1916	2003	0	595	595	101	1321	1408
http://dbpedia.org/ontology/Earthquake	1570	211	1359	613	957	1498	2	209	173	611	748	1325
http://dbpedia.org/ontology/Cleric	1886	533	1353	32	1854	1748	3	530	522	29	1324	1226
http://dbpedia.org/ontology/RouteOfTransportation	1348	1	1347	1348	0	1328	1	0	1	1347	0	1327
http://dbpedia.org/ontology/Conifer	2147	854	1293	14	2133	2080	0	854	851	14	1279	1229
http://dbpedia.org/ontology/MusicalWork	1467	193	1274	1002	465	1437	0	193	193	1002	272	1244
http://dbpedia.org/ontology/Sea	1569	308	1261	196	1373	1499	0	308	306	196	1065	1193
http://dbpedia.org/ontology/Region	1256	0	1256	1256	0	1256	0	0	0	1256	0	1256
http://dbpedia.org/ontology/Guitarist	1254	13	1241	26	1228	638	0	13	11	26	1215	627
http://dbpedia.org/ontology/College	1516	275	1241	36	1480	1481	2	273	273	34	1207	1208
http://dbpedia.org/ontology/BiologicalDatabase	1801	561	1240	8	1793	1799	0	561	560	8	1232	1239
http://schema.org/Organization	1224	8	1216	1224	0	1213	8	0	8	1216	0	1205
http://dbpedia.org/ontology/Decoration	1193	3	1190	1193	0	1189	3	0	2	1190	0	1187
http://www.wikidata.org/entity/Q43229	1198	8	1190	1198	0	1197	8	0	8	1190	0	1189
http://dbpedia.org/ontology/Embryology	2761	1592	1169	34	2727	2642	15	1577	1587	19	1150	1055
http://dbpedia.org/ontology/Historian	1231	65	1166	22	1209	1077	0	65	59	22	1144	1018
http://dbpedia.org/ontology/Letter	1165	0	1165	1165	0	1165	0	0	0	1165	0	1165
http://dbpedia.org/ontology/SnookerChamp	1172	27	1145	4	1168	1172	0	27	27	4	1141	1145
http://dbpedia.org/ontology/Nerve	1192	70	1122	109	1083	1180	12	58	65	97	1025	1115
http://dbpedia.org/ontology/AmusementParkAttraction	1352	233	1119	455	897	1326	0	233	220	455	664	1106
http://dbpedia.org/ontology/Wine	1121	2	1119	1121	0	1115	2	0	2	1119	0	1113
http://dbpedia.org/ontology/Surname	1219	107	1112	112	1107	1126	3	104	96	109	1003	1030
http://dbpedia.org/ontology/AustralianFootballTeam	2478	1383	1095	11	2467	2427	0	1383	1380	11	1084	1047
http://dbpedia.org/ontology/RadioHost	1727	638	1089	26	1701	1671	1	637	624	25	1064	1047
http://dbpedia.org/ontology/SocietalEvent	1072	0	1072	1072	0	1066	0	0	0	1072	0	1066
http://schema.org/CreativeWork	1016	1	1015	1016	0	1016	1	0	1	1015	0	1015
http://dbpedia.org/ontology/Cave	1141	134	1007	74	1067	845	2	132	134	72	935	711
http://dbpedia.org/ontology/Eukaryote	2035	1029	1006	37	1998	2025	4	1025	1028	33	973	997
http://dbpedia.org/ontology/Jockey	1313	311	1002	25	1288	998	0	311	311	25	977	687
http://www.wikidata.org/entity/Q386724	979	1	978	979	0	979	1	0	1	978	0	978
http://dbpedia.org/ontology/ComicStrip	1462	487	975	7	1455	1443	1	486	485	6	969	958
http://dbpedia.org/ontology/Amphibian	1328	363	965	33	1295	1301	1	362	358	32	933	943
http://dbpedia.org/ontology/Motorcycle	1192	280	912	36	1156	1182	0	280	278	36	876	904
http://dbpedia.org/ontology/SumoWrestler	1005	101	904	10	995	928	0	101	98	10	894	830
http://dbpedia.org/ontology/PokerPlayer	1061	170	891	48	1013	1006	2	168	149	46	845	857
http://dbpedia.org/ontology/SolarEclipse	884	3	881	6	878	883	1	2	2	5	876	881
http://dbpedia.org/ontology/Artery	933	65	868	50	883	926	12	53	61	38	830	865
http://dbpedia.org/ontology/MotorsportSeason	895	42	853	21	874	836	3	39	22	18	835	814
http://dbpedia.org/ontology/Capital	807	1	806	807	0	784	1	0	1	806	0	783
http://dbpedia.org/ontology/Vein	831	27	804	25	806	826	14	13	23	11	793	803
http://dbpedia.org/ontology/Spacecraft	933	156	777	12	921	920	1	155	151	11	766	769
http://dbpedia.org/ontology/Valley	1173	402	771	44	1129	1147	2	400	402	42	729	745
http://dbpedia.org/ontology/WomensTennisAssociationTournament	911	158	753	326	585	883	2	156	152	324	429	731
http://dbpedia.org/ontology/RoadJunction	928	181	747	317	611	921	1	180	180	316	431	741
http://dbpedia.org/ontology/DartsPlayer	938	192	746	197	741	787	0	192	190	197	549	597
http://dbpedia.org/ontology/MixedMartialArtsEvent	864	122	742	11	853	815	2	120	83	9	733	732
http://dbpedia.org/ontology/GolfCourse	968	229	739	348	620	965	0	229	229	348	391	736
http://dbpedia.org/ontology/Glacier	803	72	731	345	458	720	0	72	72	345	386	648
http://www.wikidata.org/entity/Q327333	722	0	722	722	0	722	0	0	0	722	0	722
http://dbpedia.org/ontology/Poet	741	32	709	31	710	480	1	31	30	30	679	450
http://www.wikidata.org/entity/Q3455524	703	0	703	703	0	703	0	0	0	703	0	703
http://dbpedia.org/ontology/Medician	835	133	702	10	825	822	0	133	131	10	692	691
http://schema.org/AdministrativeArea	697	0	697	697	0	697	0	0	0	697	0	697
http://schema.org/City	652	0	652	652	0	652	0	0	0	652	0	652
http://www.wikidata.org/entity/Q486972	690	46	644	690	0	690	46	0	46	644	0	644
http://www.wikidata.org/entity/Q515	681	46	635	681	0	681	46	0	46	635	0	635
http://dbpedia.org/ontology/Curler	732	97	635	12	720	617	0	97	93	12	623	524
http://www.wikidata.org/entity/Q2188189	588	0	588	588	0	588	0	0	0	588	0	588
http://dbpedia.org/ontology/Garden	683	97	586	500	183	676	0	97	97	500	86	579
http://dbpedia.org/ontology/HandballPlayer	686	101	585	37	649	595	2	99	75	35	550	520
http://dbpedia.org/ontology/SpeedwayTeam	804	219	585	55	749	759	1	218	212	54	531	547
http://dbpedia.org/ontology/CyclingRace	694	127	567	18	676	657	6	121	110	12	555	547
http://dbpedia.org/ontology/SpeedwayRider	679	113	566	13	666	613	2	111	105	11	555	508
http://schema.org/Movie	546	0	546	546	0	543	0	0	0	546	0	543
http://dbpedia.org/ontology/RoadTunnel	658	112	546	319	339	653	1	111	110	318	228	543
http://dbpedia.org/ontology/CountrySeat	537	0	537	537	0	530	0	0	0	537	0	530
http://www.wikidata.org/entity/Q82955	531	0	531	531	0	531	0	0	0	531	0	531
http://dbpedia.org/ontology/Crater	615	89	526	51	564	604	1	88	89	50	476	515
http://dbpedia.org/ontology/Fern	581	57	524	12	569	575	1	56	56	11	513	519
http://www.wikidata.org/entity/Q134556	523	0	523	523	0	523	0	0	0	523	0	523
http://dbpedia.org/ontology/MusicFestival	559	46	513	384	175	558	0	46	45	384	129	513
http://dbpedia.org/ontology/Racecourse	1280	777	503	12	1268	1277	1	776	775	11	492	502
http://dbpedia.org/ontology/MeanOfTransportation	514	24	490	514	0	473	24	0	24	490	0	449
http://dbpedia.org/ontology/NaturalPlace	491	1	490	491	0	474	1	0	1	490	0	473
http://dbpedia.org/ontology/Constellation	974	485	489	18	956	948	0	485	477	18	471	471
http://dbpedia.org/ontology/PeriodicalLiterature	487	0	487	487	0	487	0	0	0	487	0	487
http://www.wikidata.org/entity/Q1656682	486	0	486	486	0	486	0	0	0	486	0	486
http://schema.org/Event	486	0	486	486	0	486	0	0	0	486	0	486
http://www.wikidata.org/entity/Q41176	484	0	484	484	0	484	0	0	0	484	0	484
http://dbpedia.org/ontology/CyclingTeam	601	133	468	54	547	558	1	132	129	53	415	429
http://dbpedia.org/ontology/TableTennisPlayer	533	66	467	14	519	494	0	66	56	14	453	438
http://dbpedia.org/ontology/WaterRide	474	13	461	430	44	473	0	13	12	430	31	461
http://dbpedia.org/ontology/Organ	461	0	461	461	0	461	0	0	0	461	0	461
http://www.wikidata.org/entity/Q1092563	455	0	455	455	0	455	0	0	0	455	0	455
http://dbpedia.org/ontology/Fort	447	0	447	447	0	429	0	0	0	447	0	429
http://dbpedia.org/ontology/Surfer	442	0	442	442	0	427	0	0	0	442	0	427
http://www.wikidata.org/entity/Q483501	440	1	439	440	0	440	1	0	1	439	0	439
http://dbpedia.org/ontology/Bodybuilder	497	59	438	10	487	376	0	59	59	10	428	317
http://dbpedia.org/ontology/HorseRider	469	33	436	21	448	457	2	31	30	19	417	427
http://www.wikidata.org/entity/Q12136	433	0	433	433	0	433	0	0	0	433	0	433
http://dbpedia.org/ontology/Fashion	537	113	424	12	525	522	0	113	113	12	412	409
http://schema.org/BankOrCreditUnion	421	0	421	421	0	421	0	0	0	421	0	421
http://dbpedia.org/ontology/ClassicalMusicComposition	835	416	419	15	820	812	1	415	409	14	405	403
http://dbpedia.org/ontology/Referee	418	4	414	418	0	417	4	0	3	414	0	414
http://dbpedia.org/ontology/LaunchPad	415	11	404	115	300	387	0	11	11	115	289	376
http://dbpedia.org/ontology/NationalCollegiateAthleticAssociationAthlete	459	65	394	17	442	407	0	65	65	17	377	342
http://www.wikidata.org/entity/Q3914	393	0	393	393	0	393	0	0	0	393	0	393
http://schema.org/School	392	0	392	392	0	392	0	0	0	392	0	392
http://schema.org/EducationalOrganization	390	0	390	390	0	390	0	0	0	390	0	390
http://dbpedia.org/ontology/Stream	390	1	389	339	51	390	0	1	1	339	50	389
http://www.wikidata.org/entity/Q15416	386	0	386	386	0	386	0	0	0	386	0	386
http://schema.org/Product	379	0	379	379	0	370	0	0	0	379	0	370
http://dbpedia.org/ontology/SoccerLeagueSeason	379	1	378	379	0	379	1	0	1	378	0	378
http://www.wikidata.org/entity/Q41710	379	4	375	379	0	376	4	0	1	375	0	375
http://schema.org/SportsTeam	375	1	374	375	0	375	1	0	1	374	0	374
http://www.wikidata.org/entity/Q24354	374	0	374	374	0	374	0	0	0	374	0	374
http://dbpedia.org/ontology/Infrastructure	375	1	374	375	0	375	1	0	1	374	0	374
http://dbpedia.org/ontology/VicePresident	369	1	368	369	0	341	1	0	1	368	0	340
http://dbpedia.org/ontology/ConcentrationCamp	365	1	364	365	0	358	1	0	1	364	0	357
http://dbpedia.org/ontology/Photographer	432	72	360	43	389	376	0	72	66	43	317	310
http://dbpedia.org/ontology/Instrument	349	1	348	349	0	349	1	0	1	348	0	348
http://dbpedia.org/ontology/SiteOfSpecialScientificInterest	475	128	347	29	446	465	0	128	128	29	318	337
http://dbpedia.org/ontology/CapitalOfRegion	347	0	347	347	0	336	0	0	0	347	0	336
http://www.wikidata.org/entity/Q476028	346	0	346	346	0	346	0	0	0	346	0	346
http://schema.org/StadiumOrArena	345	0	345	345	0	345	0	0	0	345	0	345
http://www.wikidata.org/entity/Q3957	343	0	343	343	0	343	0	0	0	343	0	343
http://dbpedia.org/ontology/GolfLeague	369	26	343	118	251	361	1	25	26	117	226	335
http://dbpedia.org/ontology/Name	366	25	341	366	0	351	25	0	25	341	0	326
http://schema.org/BodyOfWater	340	0	340	340	0	340	0	0	0	340	0	340
http://dbpedia.org/ontology/Skater	385	51	334	30	355	302	2	49	39	28	306	263
http://dbpedia.org/ontology/ClericalAdministrativeRegion	330	0	330	330	0	330	0	0	0	330	0	330
http://www.wikidata.org/entity/Q23397	328	0	328	328	0	328	0	0	0	328	0	328
http://schema.org/LakeBodyOfWater	328	0	328	328	0	328	0	0	0	328	0	328
http://dbpedia.org/ontology/List	354	26	328	354	0	337	26	0	26	328	0	311
http://schema.org/CollegeOrUniversity	325	0	325	325	0	325	0	0	0	325	0	325
http://www.wikidata.org/entity/Q11446	321	0	321	321	0	321	0	0	0	321	0	321
http://dbpedia.org/ontology/NaturalEvent	322	1	321	322	0	322	1	0	1	321	0	321
http://www.wikidata.org/entity/Q16917	320	0	320	320	0	320	0	0	0	320	0	320
http://www.wikidata.org/entity/Q47521	320	0	320	320	0	320	0	0	0	320	0	320
http://www.wikidata.org/entity/Q163740	320	0	320	320	0	320	0	0	0	320	0	320
http://schema.org/RiverBodyOfWater	320	0	320	320	0	320	0	0	0	320	0	320
http://www.wikidata.org/entity/Q4022	320	0	320	320	0	320	0	0	0	320	0	320
http://dbpedia.org/ontology/SportsTeamSeason	320	1	319	320	0	320	1	0	1	319	0	319
http://schema.org/Library	319	0	319	319	0	319	0	0	0	319	0	319
http://www.wikidata.org/entity/Q40357	319	0	319	319	0	319	0	0	0	319	0	319
http://www.wikidata.org/entity/Q7075	319	0	319	319	0	319	0	0	0	319	0	319
http://www.wikidata.org/entity/Q12280	319	0	319	319	0	319	0	0	0	319	0	319
http://www.wikidata.org/entity/Q55488	318	0	318	318	0	318	0	0	0	318	0	318
http://schema.org/Hotel	318	0	318	318	0	318	0	0	0	318	0	318
http://www.wikidata.org/entity/Q41298	318	0	318	318	0	318	0	0	0	318	0	318
http://dbpedia.org/ontology/HorseTrainer	482	165	317	24	458	448	4	161	164	20	297	284
http://schema.org/Hospital	317	0	317	317	0	317	0	0	0	317	0	317
http://www.wikidata.org/entity/Q34442	317	0	317	317	0	317	0	0	0	317	0	317
http://dbpedia.org/ontology/Galaxy	595	279	316	17	578	528	0	279	212	17	299	316
http://www.wikidata.org/entity/Q23413	316	0	316	316	0	316	0	0	0	316	0	316
http://www.wikidata.org/entity/Q728937	316	0	316	316	0	316	0	0	0	316	0	316
http://www.wikidata.org/entity/Q133056	315	0	315	315	0	315	0	0	0	315	0	315
http://schema.org/LandmarksOrHistoricalBuildings	315	0	315	315	0	315	0	0	0	315	0	315
http://www.wikidata.org/entity/Q27686	314	0	314	314	0	314	0	0	0	314	0	314
http://www.wikidata.org/entity/Q11707	313	0	313	313	0	313	0	0	0	313	0	313
http://schema.org/Park	313	0	313	313	0	313	0	0	0	313	0	313
http://www.wikidata.org/entity/Q1370598	313	0	313	313	0	313	0	0	0	313	0	313
http://www.wikidata.org/entity/Q4989906	313	0	313	313	0	313	0	0	0	313	0	313
http://www.wikidata.org/entity/Q8502	312	0	312	312	0	312	0	0	0	312	0	312
http://www.wikidata.org/entity/Q35666	312	0	312	312	0	312	0	0	0	312	0	312
http://www.wikidata.org/entity/Q2159907	312	0	312	312	0	312	0	0	0	312	0	312
http://www.wikidata.org/entity/Q23442	312	0	312	312	0	312	0	0	0	312	0	312
http://www.wikidata.org/entity/Q15265344	311	0	311	311	0	311	0	0	0	311	0	311
http://www.wikidata.org/entity/Q3918	311	0	311	311	0	311	0	0	0	311	0	311
http://www.wikidata.org/entity/Q737498	310	0	310	310	0	310	0	0	0	310	0	310
http://www.wikidata.org/entity/Q9259	310	0	310	310	0	310	0	0	0	310	0	310
http://www.wikidata.org/entity/Q8072	310	0	310	310	0	310	0	0	0	310	0	310
http://www.wikidata.org/entity/Q1107656	309	0	309	309	0	309	0	0	0	309	0	309
http://schema.org/SkiResort	309	0	309	309	0	309	0	0	0	309	0	309
http://www.wikidata.org/entity/Q473972	309	0	309	309	0	309	0	0	0	309	0	309
http://www.wikidata.org/entity/Q46831	309	0	309	309	0	309	0	0	0	309	0	309
http://www.wikidata.org/entity/Q1048525	309	0	309	309	0	309	0	0	0	309	0	309
http://www.wikidata.org/entity/Q156362	309	0	309	309	0	309	0	0	0	309	0	309
http://www.wikidata.org/entity/Q141683	309	0	309	309	0	309	0	0	0	309	0	309
http://schema.org/Mountain	309	0	309	309	0	309	0	0	0	309	0	309
http://schema.org/Airport	309	0	309	309	0	309	0	0	0	309	0	309
http://www.wikidata.org/entity/Q532	309	0	309	309	0	309	0	0	0	309	0	309
http://www.wikidata.org/entity/Q132050	309	0	309	309	0	309	0	0	0	309	0	309
http://schema.org/RadioStation	309	0	309	309	0	309	0	0	0	309	0	309
http://schema.org/Restaurant	312	4	308	312	0	310	4	0	2	308	0	308
http://www.wikidata.org/entity/Q1248784	308	0	308	308	0	308	0	0	0	308	0	308
http://www.wikidata.org/entity/Q2870166	308	0	308	308	0	308	0	0	0	308	0	308
http://www.wikidata.org/entity/Q33506	308	0	308	308	0	308	0	0	0	308	0	308
http://www.wikidata.org/entity/Q159719	308	0	308	308	0	308	0	0	0	308	0	308
http://www.wikidata.org/entity/Q12323	308	0	308	308	0	308	0	0	0	308	0	308
http://www.wikidata.org/entity/Q2354973	307	0	307	307	0	307	0	0	0	307	0	307
http://www.wikidata.org/entity/Q719456	306	0	306	306	0	306	0	0	0	306	0	306
http://dbpedia.org/ontology/Entomologist	412	109	303	12	400	387	0	109	109	12	291	278
http://dbpedia.org/ontology/Presenter	457	162	295	17	440	404	2	160	155	15	280	249
http://dbpedia.org/ontology/SnookerPlayer	537	244	293	28	509	510	0	244	242	28	265	268
http://dbpedia.org/ontology/Archaea	304	23	281	15	289	243	0	23	23	15	266	220
http://dbpedia.org/ontology/Population	335	69	266	335	0	273	69	0	46	266	0	227
http://dbpedia.org/ontology/Area	328	69	259	328	0	269	69	0	46	259	0	223
http://dbpedia.org/ontology/Dancer	258	0	258	258	0	230	0	0	0	258	0	230
http://dbpedia.org/ontology/OlympicResult	280	25	255	27	253	241	6	19	19	21	234	222
http://dbpedia.org/ontology/Moss	389	137	252	9	380	371	0	137	137	9	243	234
http://dbpedia.org/ontology/RouteStop	315	69	246	315	0	261	69	0	46	246	0	215
http://dbpedia.org/ontology/TopicalConcept	266	23	243	266	0	260	23	0	23	243	0	237
http://dbpedia.org/ontology/Chancellor	275	37	238	34	241	268	0	37	31	34	204	237
http://schema.org/MusicGroup	239	2	237	239	0	230	2	0	2	237	0	228
http://dbpedia.org/ontology/Tower	233	0	233	233	0	227	0	0	0	233	0	227
http://dbpedia.org/ontology/RailwayTunnel	268	36	232	10	258	265	1	35	36	9	223	229
http://dbpedia.org/ontology/Group	229	3	226	229	0	229	3	0	3	226	0	226
http://dbpedia.org/ontology/Province	226	0	226	226	0	226	0	0	0	226	0	226
http://dbpedia.org/ontology/VolleyballCoach	281	58	223	117	164	195	1	57	57	116	107	138
http://dbpedia.org/ontology/Lymph	232	15	217	21	211	224	12	3	11	9	208	213
http://dbpedia.org/ontology/Type	210	2	208	210	0	210	2	0	2	208	0	208
http://dbpedia.org/ontology/Baronet	256	51	205	14	242	248	0	51	49	14	191	199
http://dbpedia.org/ontology/GreenAlga	257	60	197	8	249	254	0	60	60	8	189	194
http://dbpedia.org/ontology/ArtisticGenre	192	0	192	192	0	164	0	0	0	192	0	164
http://dbpedia.org/ontology/Rower	201	13	188	17	184	141	2	11	13	15	173	128
http://dbpedia.org/ontology/BoardGame	191	5	186	191	0	134	5	0	4	186	0	130
http://dbpedia.org/ontology/Horse	189	3	186	189	0	188	3	0	2	186	0	186
http://dbpedia.org/ontology/Cheese	259	81	178	24	235	251	2	79	81	22	156	170
http://dbpedia.org/ontology/HandballTeam	195	18	177	72	123	190	0	18	13	72	105	177
http://dbpedia.org/ontology/Host	172	0	172	172	0	142	0	0	0	172	0	142
http://dbpedia.org/ontology/BeachVolleyballPlayer	243	72	171	9	234	236	0	72	69	9	162	167
http://www.wikidata.org/entity/Q315	171	0	171	171	0	171	0	0	0	171	0	171
http://www.wikidata.org/entity/Q7278	169	0	169	169	0	169	0	0	0	169	0	169
http://dbpedia.org/ontology/Tunnel	184	16	168	137	47	177	0	16	15	137	31	162
http://dbpedia.org/ontology/Family	172	5	167	172	0	172	5	0	5	167	0	167
http://dbpedia.org/ontology/FloweringPlant	211	44	167	6	205	209	0	44	42	6	161	167
http://dbpedia.org/ontology/YearInSpaceflight	168	3	165	12	156	167	1	2	3	11	154	164
http://dbpedia.org/ontology/Dog	164	0	164	164	0	164	0	0	0	164	0	164
http://dbpedia.org/ontology/Canton	162	0	162	162	0	153	0	0	0	162	0	153
http://dbpedia.org/ontology/TelevisionHost	197	35	162	95	102	136	0	35	31	95	67	105
http://www.wikidata.org/entity/Q34770	160	0	160	160	0	160	0	0	0	160	0	160
http://dbpedia.org/ontology/InlineHockeyLeague	163	4	159	99	64	72	0	4	4	99	60	68
http://schema.org/Language	159	0	159	159	0	159	0	0	0	159	0	159
http://dbpedia.org/ontology/Beer	155	2	153	155	0	155	2	0	2	153	0	153
http://dbpedia.org/ontology/Ligament	214	61	153	24	190	209	12	49	57	12	141	152
http://www.wikidata.org/entity/Q11032	152	0	152	152	0	152	0	0	0	152	0	152
http://dbpedia.org/ontology/MovieGenre	153	1	152	153	0	128	1	0	1	152	0	127
http://dbpedia.org/ontology/Murderer	181	34	147	25	156	174	0	34	32	25	122	142
http://schema.org/Continent	143	0	143	143	0	143	0	0	0	143	0	143
http://www.wikidata.org/entity/Q4936952	138	0	138	138	0	138	0	0	0	138	0	138
http://dbpedia.org/ontology/Cycad	141	4	137	7	134	141	1	3	4	6	131	137
http://dbpedia.org/ontology/Demographics	202	68	134	202	0	149	68	0	46	134	0	103
http://dbpedia.org/ontology/Asteroid	165	31	134	51	114	149	0	31	18	51	83	131
http://dbpedia.org/ontology/CanadianFootballLeague	139	6	133	14	125	130	0	6	6	14	119	124
http://www.wikidata.org/entity/Q486839	126	0	126	126	0	126	0	0	0	126	0	126
http://dbpedia.org/ontology/GovernmentType	126	0	126	126	0	124	0	0	0	126	0	124
http://www.wikidata.org/entity/Q95074	127	1	126	127	0	127	1	0	1	126	0	126
http://dbpedia.org/ontology/Parliament	126	3	123	126	0	124	3	0	2	123	0	122
http://dbpedia.org/ontology/Canoeist	129	9	120	22	107	104	1	8	9	21	99	95
http://dbpedia.org/ontology/PoloLeague	117	1	116	100	17	117	1	0	1	99	17	116
http://www.wikidata.org/entity/Q11204	115	0	115	115	0	115	0	0	0	115	0	115
http://dbpedia.org/ontology/Statistic	177	69	108	177	0	123	69	0	46	108	0	77
http://dbpedia.org/ontology/ClubMoss	110	3	107	10	100	110	1	2	3	9	98	107
http://dbpedia.org/ontology/MicroRegion	106	0	106	106	0	106	0	0	0	106	0	106
http://dbpedia.org/ontology/TrackList	106	0	106	106	0	105	0	0	0	106	0	105
http://dbpedia.org/ontology/SpaceShuttle	681	580	101	15	666	680	2	578	580	13	88	100
http://dbpedia.org/ontology/Altitude	168	68	100	168	0	114	68	0	46	100	0	68
http://dbpedia.org/ontology/NetballPlayer	124	25	99	33	91	113	0	25	17	33	66	96
http://dbpedia.org/ontology/Medicine	168	69	99	168	0	113	69	0	46	99	0	67
http://dbpedia.org/ontology/Genre	98	0	98	98	0	91	0	0	0	98	0	91
http://dbpedia.org/ontology/SerialKiller	98	0	98	98	0	98	0	0	0	98	0	98
http://www.wikidata.org/entity/Q482994	96	0	96	96	0	96	0	0	0	96	0	96
http://dbpedia.org/ontology/VolleyballLeague	336	241	95	28	308	336	0	241	241	28	67	95
http://dbpedia.org/ontology/Depth	161	67	94	161	0	107	67	0	45	94	0	62
http://dbpedia.org/ontology/GeneLocation	118	24	94	118	0	107	24	0	24	94	0	83
http://dbpedia.org/ontology/GrossDomesticProductPerCapita	163	69	94	163	0	109	69	0	46	94	0	63
http://dbpedia.org/ontology/GrossDomesticProduct	161	67	94	161	0	107	67	0	45	94	0	62
http://dbpedia.org/ontology/Media	163	69	94	163	0	109	69	0	46	94	0	63
http://dbpedia.org/ontology/BaseballSeason	102	8	94	46	56	102	0	8	8	46	48	94
http://dbpedia.org/ontology/PenaltyShootOut	162	69	93	162	0	108	69	0	46	93	0	62
http://dbpedia.org/ontology/Desert	93	0	93	93	0	87	0	0	0	93	0	87
http://dbpedia.org/ontology/HumanDevelopmentIndex	162	69	93	162	0	108	69	0	46	93	0	62
http://dbpedia.org/ontology/ChartsPlacements	161	68	93	161	0	108	68	0	46	93	0	62
http://dbpedia.org/ontology/Blazon	161	68	93	161	0	108	68	0	46	93	0	62
http://dbpedia.org/ontology/Diploma	163	70	93	163	0	109	70	0	47	93	0	62
http://dbpedia.org/ontology/Flag	162	69	93	162	0	108	69	0	46	93	0	62
http://dbpedia.org/ontology/StormSurge	92	0	92	92	0	92	0	0	0	92	0	92
http://dbpedia.org/ontology/ElectionDiagram	159	67	92	159	0	106	67	0	45	92	0	61
http://dbpedia.org/ontology/PublicService	161	69	92	161	0	107	69	0	46	92	0	61
http://dbpedia.org/ontology/Unknown	161	69	92	161	0	107	69	0	46	92	0	61
http://dbpedia.org/ontology/Polyhedron	160	69	91	160	0	106	69	0	46	91	0	60
http://dbpedia.org/ontology/Engine	92	2	90	19	73	92	0	2	2	19	71	90
http://schema.org/MusicAlbum	88	0	88	88	0	88	0	0	0	88	0	88
http://dbpedia.org/ontology/NobleFamily	92	4	88	92	0	90	4	0	3	88	0	87
http://dbpedia.org/ontology/Territory	84	1	83	84	0	83	1	0	1	83	0	82
http://www.wikidata.org/entity/Q215380	83	1	82	83	0	83	1	0	1	82	0	82
http://dbpedia.org/ontology/Street	84	2	82	84	0	64	2	0	2	82	0	62
http://dbpedia.org/ontology/CricketGround	121	40	81	25	96	118	1	39	40	24	57	78
http://dbpedia.org/ontology/ChemicalSubstance	106	25	81	106	0	100	25	0	25	81	0	75
http://dbpedia.org/ontology/Bay	80	0	80	74	6	64	0	0	0	74	6	64
http://dbpedia.org/ontology/Arena	81	1	80	81	0	81	1	0	1	80	0	80
http://www.wikidata.org/entity/Q30461	80	0	80	80	0	80	0	0	0	80	0	80
http://dbpedia.org/ontology/HistoricalCountry	80	1	79	80	0	80	1	0	1	79	0	79
http://dbpedia.org/ontology/Beach	81	2	79	81	0	75	2	0	2	79	0	73
http://dbpedia.org/ontology/CardGame	80	3	77	80	0	73	3	0	2	77	0	71
http://dbpedia.org/ontology/WaterTower	76	0	76	76	0	76	0	0	0	76	0	76
http://dbpedia.org/ontology/Casino	76	3	73	76	0	76	3	0	3	73	0	73
http://dbpedia.org/ontology/Port	73	2	71	73	0	61	2	0	2	71	0	59
http://www.wikidata.org/entity/Q1445650	66	0	66	66	0	66	0	0	0	66	0	66
http://dbpedia.org/ontology/Guitar	66	0	66	66	0	66	0	0	0	66	0	66
http://dbpedia.org/ontology/LacrosseLeague	72	7	65	10	62	72	0	7	7	10	55	65
http://dbpedia.org/ontology/TeamMember	64	0	64	64	0	29	0	0	0	64	0	29
http://dbpedia.org/ontology/CrossCountrySkier	62	0	62	62	0	62	0	0	0	62	0	62
http://dbpedia.org/ontology/Biomolecule	85	25	60	85	0	79	25	0	25	60	0	54
http://dbpedia.org/ontology/UndergroundJournal	58	2	56	58	0	58	2	0	2	56	0	56
http://dbpedia.org/ontology/CityDistrict	56	0	56	56	0	21	0	0	0	56	0	21
http://dbpedia.org/ontology/BoxingLeague	55	0	55	55	0	55	0	0	0	55	0	55
http://www.wikidata.org/entity/Q349	55	0	55	55	0	55	0	0	0	55	0	55
http://dbpedia.org/ontology/NationalSoccerClub	54	1	53	54	0	19	1	0	1	53	0	18
http://www.wikidata.org/entity/Q16521	52	0	52	52	0	51	0	0	0	52	0	51
http://dbpedia.org/ontology/MovieDirector	55	3	52	55	0	54	3	0	2	52	0	52
http://dbpedia.org/ontology/SportCompetitionResult	74	23	51	74	0	68	23	0	23	51	0	45
http://dbpedia.org/ontology/HighDiver	50	0	50	50	0	50	0	0	0	50	0	50
http://dbpedia.org/ontology/UnitOfWork	74	25	49	74	0	67	25	0	24	49	0	43
http://dbpedia.org/ontology/Ocean	48	0	48	48	0	46	0	0	0	48	0	46
http://dbpedia.org/ontology/Pyramid	47	0	47	47	0	45	0	0	0	47	0	45
http://dbpedia.org/ontology/NobelPrize	50	4	46	50	0	45	4	0	3	46	0	42
http://dbpedia.org/ontology/Temple	46	0	46	46	0	46	0	0	0	46	0	46
http://dbpedia.org/ontology/Painting	46	0	46	46	0	45	0	0	0	46	0	45
http://dbpedia.org/ontology/Cemetery	46	1	45	46	0	39	1	0	1	45	0	38
http://dbpedia.org/ontology/PeriodOfArtisticStyle	45	0	45	45	0	44	0	0	0	45	0	44
http://dbpedia.org/ontology/Relationship	67	23	44	67	0	60	23	0	23	44	0	37
http://dbpedia.org/ontology/Farmer	47	4	43	47	0	36	4	0	3	43	0	33
http://dbpedia.org/ontology/ResearchProject	45	3	42	9	36	45	0	3	3	9	33	42
http://www.wikidata.org/entity/Q188451	41	0	41	41	0	41	0	0	0	41	0	41
http://dbpedia.org/ontology/MilitaryVehicle	41	0	41	41	0	35	0	0	0	41	0	35
http://dbpedia.org/ontology/Mine	40	0	40	40	0	34	0	0	0	40	0	34
http://dbpedia.org/ontology/Church	40	0	40	40	0	40	0	0	0	40	0	40
http://dbpedia.org/ontology/ChemicalElement	49	9	40	49	0	34	9	0	6	40	0	28
http://www.wikidata.org/entity/Q11436	39	0	39	39	0	39	0	0	0	39	0	39
http://dbpedia.org/ontology/Manhwa	39	1	38	39	0	39	1	0	1	38	0	38
http://dbpedia.org/ontology/Sculptor	39	1	38	39	0	39	1	0	1	38	0	38
http://dbpedia.org/ontology/Image	39	1	38	39	0	37	1	0	1	38	0	36
http://dbpedia.org/ontology/HumanGene	41	4	37	9	32	40	4	0	3	5	32	37
http://dbpedia.org/ontology/Factory	37	0	37	37	0	37	0	0	0	37	0	37
http://dbpedia.org/ontology/Gate	37	0	37	37	0	37	0	0	0	37	0	37
http://www.wikidata.org/entity/Q634	38	2	36	38	0	37	2	0	1	36	0	36
http://dbpedia.org/ontology/MemberResistanceMovement	40	4	36	40	0	39	4	0	3	36	0	36
http://dbpedia.org/ontology/Skyscraper	36	1	35	35	1	36	1	0	1	34	1	35
http://dbpedia.org/ontology/Satellite	35	0	35	35	0	35	0	0	0	35	0	35
http://dbpedia.org/ontology/Celebrity	38	3	35	38	0	37	3	0	2	35	0	35
http://dbpedia.org/ontology/ChristianDoctrine	35	0	35	35	0	35	0	0	0	35	0	35
http://dbpedia.org/ontology/Forest	34	0	34	34	0	28	0	0	0	34	0	28
http://dbpedia.org/ontology/Birth	36	2	34	36	0	32	2	0	2	34	0	30
http://dbpedia.org/ontology/Abbey	34	0	34	34	0	34	0	0	0	34	0	34
http://dbpedia.org/ontology/Archipelago	34	1	33	34	0	28	1	0	1	33	0	27
http://dbpedia.org/ontology/WaterwayTunnel	46	14	32	9	37	46	0	14	14	9	23	32
http://dbpedia.org/ontology/InternationalOrganisation	34	3	31	34	0	32	3	0	2	31	0	30
http://dbpedia.org/ontology/VideogamesLeague	31	0	31	23	8	31	0	0	0	23	8	31
http://dbpedia.org/ontology/WinterSportPlayer	30	0	30	30	0	30	0	0	0	30	0	30
http://dbpedia.org/ontology/VicePrimeMinister	30	0	30	30	0	30	0	0	0	30	0	30
http://dbpedia.org/ontology/SpeedwayLeague	35	5	30	12	23	34	0	5	4	12	18	30
http://dbpedia.org/ontology/HumanGeneLocation	30	0	30	30	0	23	0	0	0	30	0	23
http://dbpedia.org/ontology/SoftballLeague	31	2	29	11	20	31	0	2	2	11	18	29
http://dbpedia.org/ontology/AutoRacingLeague	31	2	29	12	19	31	2	0	2	10	19	29
http://dbpedia.org/ontology/SongWriter	31	2	29	31	0	25	2	0	2	29	0	23
http://dbpedia.org/ontology/MixedMartialArtsLeague	29	0	29	27	2	29	0	0	0	27	2	29
http://www.wikidata.org/entity/Q116	29	0	29	29	0	29	0	0	0	29	0	29
http://dbpedia.org/ontology/MouseGeneLocation	28	0	28	28	0	21	0	0	0	28	0	21
http://dbpedia.org/ontology/Death	29	1	28	29	0	25	1	0	1	28	0	24
http://dbpedia.org/ontology/Municipality	28	0	28	28	0	28	0	0	0	28	0	28
http://dbpedia.org/ontology/Zoo	29	1	28	29	0	29	1	0	1	28	0	28
http://dbpedia.org/ontology/RestArea	27	0	27	27	0	27	0	0	0	27	0	27
http://dbpedia.org/ontology/Cartoon	28	1	27	28	0	28	1	0	1	27	0	27
http://dbpedia.org/ontology/BritishRoyalty	30	3	27	30	0	30	3	0	3	27	0	27
http://dbpedia.org/ontology/CricketLeague	29	2	27	7	22	26	1	1	2	6	21	24
http://dbpedia.org/ontology/CoalPit	26	0	26	26	0	26	0	0	0	26	0	26
http://dbpedia.org/ontology/Mosque	28	2	26	28	0	28	2	0	2	26	0	26
http://dbpedia.org/ontology/HistoricalRegion	26	0	26	26	0	26	0	0	0	26	0	26
http://dbpedia.org/ontology/WaterPoloPlayer	25	0	25	25	0	25	0	0	0	25	0	25
http://dbpedia.org/ontology/ArcherPlayer	25	0	25	25	0	25	0	0	0	25	0	25
http://dbpedia.org/ontology/Deputy	25	1	24	25	0	25	1	0	1	24	0	24
http://dbpedia.org/ontology/CyclingLeague	24	0	24	24	0	24	0	0	0	24	0	24
http://dbpedia.org/ontology/Singer	24	0	24	24	0	24	0	0	0	24	0	24
http://dbpedia.org/ontology/HistoricalPeriod	24	0	24	24	0	23	0	0	0	24	0	23
http://dbpedia.org/ontology/ChristianPatriarch	25	1	24	25	0	25	1	0	1	24	0	24
http://dbpedia.org/ontology/NaturalRegion	24	0	24	24	0	24	0	0	0	24	0	24
http://dbpedia.org/ontology/OldTerritory	23	0	23	23	0	23	0	0	0	23	0	23
http://dbpedia.org/ontology/MotorcycleRacingLeague	23	0	23	9	14	23	0	0	0	9	14	23
http://dbpedia.org/ontology/Mill	23	0	23	23	0	23	0	0	0	23	0	23
http://dbpedia.org/ontology/Novel	24	1	23	7	17	24	0	1	1	7	16	23
http://dbpedia.org/ontology/BowlingLeague	24	1	23	24	0	24	1	0	1	23	0	23
http://dbpedia.org/ontology/MilitaryAircraft	23	0	23	23	0	23	0	0	0	23	0	23
http://dbpedia.org/ontology/HotSpring	23	1	22	23	0	17	1	0	1	22	0	16
http://dbpedia.org/ontology/Coach	26	4	22	26	0	26	4	0	4	22	0	22
http://dbpedia.org/ontology/MusicDirector	23	1	22	23	0	23	1	0	1	22	0	22
http://dbpedia.org/ontology/Race	23	1	22	23	0	21	1	0	1	22	0	20
http://dbpedia.org/ontology/OrganisationMember	23	2	21	23	0	23	2	0	2	21	0	21
http://dbpedia.org/ontology/Ginkgo	22	1	21	9	13	22	1	0	1	8	13	21
http://dbpedia.org/ontology/Archeologist	26	5	21	26	0	25	5	0	4	21	0	21
http://dbpedia.org/ontology/Cinema	21	0	21	21	0	21	0	0	0	21	0	21
http://dbpedia.org/ontology/MusicComposer	21	0	21	21	0	21	0	0	0	21	0	21
http://dbpedia.org/ontology/Opera	22	1	21	22	0	22	1	0	1	21	0	21
http://dbpedia.org/ontology/SportsManager	23	2	21	23	0	23	2	0	2	21	0	21
http://schema.org/Book	20	0	20	20	0	20	0	0	0	20	0	20
http://dbpedia.org/ontology/HandballLeague	22	2	20	7	15	21	0	2	1	7	13	20
http://dbpedia.org/ontology/Database	22	2	20	22	0	22	2	0	2	20	0	20
http://dbpedia.org/ontology/Locality	21	1	20	21	0	21	1	0	1	20	0	20
http://dbpedia.org/ontology/StillImage	21	1	20	21	0	21	1	0	1	20	0	20
http://www.wikidata.org/entity/Q11173	19	0	19	19	0	19	0	0	0	19	0	19
http://dbpedia.org/ontology/Aristocrat	23	4	19	23	0	22	4	0	3	19	0	19
http://dbpedia.org/ontology/DocumentType	19	0	19	19	0	19	0	0	0	19	0	19
http://dbpedia.org/ontology/SnookerWorldRanking	39	20	19	20	19	32	3	17	19	17	2	13
http://dbpedia.org/ontology/ProtohistoricalPeriod	20	1	19	20	0	19	1	0	1	19	0	18
http://xmlns.com/foaf/0.1/Document	19	0	19	19	0	19	0	0	0	19	0	19
http://dbpedia.org/ontology/BoxingCategory	21	3	18	21	0	20	3	0	2	18	0	18
http://dbpedia.org/ontology/RecordOffice	19	1	18	19	0	19	1	0	1	18	0	18
http://dbpedia.org/ontology/NarutoCharacter	18	0	18	18	0	18	0	0	0	18	0	18
http://dbpedia.org/ontology/Gnetophytes	19	1	18	8	11	19	0	1	1	8	10	18
http://dbpedia.org/ontology/Synagogue	19	1	18	19	0	19	1	0	1	18	0	18
http://dbpedia.org/ontology/PhilosophicalConcept	17	0	17	17	0	16	0	0	0	17	0	16
http://dbpedia.org/ontology/TelevisionDirector	21	4	17	21	0	20	4	0	3	17	0	17
http://dbpedia.org/ontology/Professor	17	0	17	17	0	17	0	0	0	17	0	17
http://dbpedia.org/ontology/WindMotor	17	0	17	17	0	17	0	0	0	17	0	17
http://dbpedia.org/ontology/Square	18	1	17	18	0	18	1	0	1	17	0	17
http://dbpedia.org/ontology/MotorsportRacer	16	0	16	16	0	16	0	0	0	16	0	16
http://dbpedia.org/ontology/Cape	16	0	16	16	0	10	0	0	0	16	0	10
http://dbpedia.org/ontology/Deity	27	11	16	27	0	22	11	0	8	16	0	14
http://dbpedia.org/ontology/GeopoliticalOrganisation	18	2	16	18	0	17	2	0	2	16	0	15
http://dbpedia.org/ontology/Minister	16	0	16	16	0	16	0	0	0	16	0	16
http://dbpedia.org/ontology/Sculpture	16	0	16	16	0	16	0	0	0	16	0	16
http://dbpedia.org/ontology/DisneyCharacter	16	0	16	16	0	12	0	0	0	16	0	12
http://dbpedia.org/ontology/CurlingLeague	16	0	16	11	5	16	0	0	0	11	5	16
http://dbpedia.org/ontology/Linguist	19	3	16	19	0	18	3	0	2	16	0	16
http://schema.org/Festival	15	0	15	15	0	6	0	0	0	15	0	6
http://dbpedia.org/ontology/Archive	15	0	15	15	0	15	0	0	0	15	0	15
http://dbpedia.org/ontology/Project	16	1	15	16	0	16	1	0	1	15	0	15
http://www.wikidata.org/entity/Q571	15	0	15	15	0	15	0	0	0	15	0	15
http://dbpedia.org/ontology/TelevisionPersonality	17	2	15	17	0	17	2	0	2	15	0	15
http://dbpedia.org/ontology/Gene	20	5	15	20	0	20	5	0	5	15	0	15
http://dbpedia.org/ontology/Document	17	2	15	17	0	17	2	0	2	15	0	15
http://dbpedia.org/ontology/SambaSchool	18	4	14	18	0	16	4	0	3	14	0	13
http://dbpedia.org/ontology/BrownDwarf	16	2	14	16	0	14	2	0	2	14	0	12
http://dbpedia.org/ontology/FormerMunicipality	14	0	14	14	0	14	0	0	0	14	0	14
http://dbpedia.org/ontology/PlayWright	15	1	14	15	0	15	1	0	1	14	0	14
http://dbpedia.org/ontology/AcademicConference	14	0	14	14	0	14	0	0	0	14	0	14
http://dbpedia.org/ontology/Ski_jumper	14	0	14	14	0	14	0	0	0	14	0	14
http://dbpedia.org/ontology/Case	15	1	14	15	0	15	1	0	1	14	0	14
http://dbpedia.org/ontology/AcademicSubject	14	0	14	14	0	13	0	0	0	14	0	13
http://dbpedia.org/ontology/Employer	23	9	14	23	0	19	9	0	6	14	0	13
http://dbpedia.org/ontology/EmployersOrganisation	15	1	14	15	0	14	1	0	1	14	0	13
http://dbpedia.org/ontology/Ideology	16	2	14	16	0	15	2	0	2	14	0	13
http://dbpedia.org/ontology/Swarm	14	0	14	14	0	14	0	0	0	14	0	14
http://www.wikidata.org/entity/Q4830453	14	0	14	14	0	14	0	0	0	14	0	14
http://dbpedia.org/ontology/HistoricalProvince	13	0	13	13	0	13	0	0	0	13	0	13
http://dbpedia.org/ontology/Divorce	14	1	13	14	0	14	1	0	1	13	0	13
http://dbpedia.org/ontology/On-SiteTransportation	13	0	13	13	0	8	0	0	0	13	0	8
http://dbpedia.org/ontology/Lawyer	17	4	13	17	0	16	4	0	3	13	0	13
http://dbpedia.org/ontology/GovernmentalAdministrativeRegion	13	0	13	13	0	13	0	0	0	13	0	13
http://dbpedia.org/ontology/Agglomeration	14	1	13	14	0	14	1	0	1	13	0	13
http://dbpedia.org/ontology/ConveyorSystem	14	1	13	14	0	14	1	0	1	13	0	13
http://dbpedia.org/ontology/HorseRiding	16	3	13	16	0	15	3	0	2	13	0	13
http://dbpedia.org/ontology/Memorial	13	0	13	13	0	13	0	0	0	13	0	13
http://dbpedia.org/ontology/MobilePhone	13	0	13	13	0	12	0	0	0	13	0	12
http://www.wikidata.org/entity/Q756	13	0	13	13	0	13	0	0	0	13	0	13
http://dbpedia.org/ontology/GeologicalPeriod	13	0	13	13	0	12	0	0	0	13	0	12
http://www.wikidata.org/entity/Q7397	13	1	12	13	0	13	1	0	1	12	0	12
http://dbpedia.org/ontology/Tax	12	0	12	12	0	11	0	0	0	12	0	11
http://dbpedia.org/ontology/Producer	16	4	12	16	0	15	4	0	3	12	0	12
http://dbpedia.org/ontology/LegalCase	13	1	12	13	0	13	1	0	1	12	0	12
http://dbpedia.org/ontology/Escalator	12	0	12	12	0	12	0	0	0	12	0	12
http://dbpedia.org/ontology/CardinalDirection	12	0	12	12	0	11	0	0	0	12	0	11
http://dbpedia.org/ontology/Taxon	12	0	12	12	0	11	0	0	0	12	0	11
http://dbpedia.org/ontology/Profession	12	0	12	12	0	11	0	0	0	12	0	11
http://www.wikidata.org/entity/Q577	12	0	12	12	0	12	0	0	0	12	0	12
http://dbpedia.org/ontology/Vodka	12	0	12	12	0	12	0	0	0	12	0	12
http://www.wikidata.org/entity/Q7889	12	0	12	12	0	12	0	0	0	12	0	12
http://dbpedia.org/ontology/BoxingStyle	15	3	12	15	0	14	3	0	2	12	0	12
http://dbpedia.org/ontology/OverseasDepartment	12	0	12	12	0	12	0	0	0	12	0	12
http://dbpedia.org/ontology/LunarCrater	11	0	11	11	0	11	0	0	0	11	0	11
http://dbpedia.org/ontology/NationalAnthem	12	1	11	12	0	12	1	0	1	11	0	11
http://purl.org/ontology/bibo/Book	11	0	11	11	0	11	0	0	0	11	0	11
http://dbpedia.org/ontology/Atoll	12	1	11	12	0	12	1	0	1	11	0	11
http://dbpedia.org/ontology/Hormone	26	15	11	26	0	19	15	0	10	11	0	9
http://dbpedia.org/ontology/TheatreDirector	15	4	11	15	0	14	4	0	3	11	0	11
http://dbpedia.org/ontology/Watermill	11	0	11	11	0	11	0	0	0	11	0	11
http://dbpedia.org/ontology/AustralianFootballLeague	11	0	11	9	2	11	0	0	0	9	2	11
http://dbpedia.org/ontology/Polysaccharide	28	17	11	28	0	21	17	0	12	11	0	9
http://dbpedia.org/ontology/Instrumentalist	11	0	11	11	0	11	0	0	0	11	0	11
http://dbpedia.org/ontology/TermOfOffice	14	3	11	14	0	12	3	0	2	11	0	10
http://dbpedia.org/ontology/LineOfFashion	11	0	11	11	0	10	0	0	0	11	0	10
http://dbpedia.org/ontology/Manhua	11	0	11	11	0	11	0	0	0	11	0	11
http://dbpedia.org/ontology/Thing	11	0	11	11	0	11	0	0	0	11	0	11
http://dbpedia.org/ontology/HistoricalSettlement	12	1	11	12	0	12	1	0	1	11	0	11
http://dbpedia.org/ontology/MouseGene	14	3	11	11	3	12	3	0	2	8	3	10
http://dbpedia.org/ontology/SportsClub	13	2	11	13	0	13	2	0	2	11	0	11
http://www.wikidata.org/entity/Q33999	11	0	11	11	0	8	0	0	0	11	0	8
http://dbpedia.org/ontology/BullFighter	11	1	10	11	0	11	1	0	1	10	0	10
http://dbpedia.org/ontology/Treadmill	10	0	10	10	0	10	0	0	0	10	0	10
http://dbpedia.org/ontology/Windmill	12	2	10	12	0	12	2	0	2	10	0	10
http://dbpedia.org/ontology/Lipid	25	15	10	25	0	18	15	0	10	10	0	8
http://dbpedia.org/ontology/CanadianFootballPlayer	10	0	10	10	0	10	0	0	0	10	0	10
http://dbpedia.org/ontology/PaintballLeague	10	0	10	10	0	10	0	0	0	10	0	10
http://dbpedia.org/ontology/Deanery	11	1	10	11	0	11	1	0	1	10	0	10
http://dbpedia.org/ontology/TrainCarriage	10	0	10	10	0	9	0	0	0	10	0	9
http://dbpedia.org/ontology/Dike	10	0	10	10	0	10	0	0	0	10	0	10
http://dbpedia.org/ontology/Tram	10	0	10	10	0	9	0	0	0	10	0	9
http://www.wikidata.org/entity/Q19088	10	0	10	10	0	10	0	0	0	10	0	10
http://dbpedia.org/ontology/Lock	10	0	10	10	0	10	0	0	0	10	0	10
http://dbpedia.org/ontology/Competition	12	2	10	12	0	12	2	0	2	10	0	10
http://dbpedia.org/ontology/CollectionOfValuables	11	1	10	11	0	11	1	0	1	10	0	10
http://dbpedia.org/ontology/Department	10	0	10	10	0	10	0	0	0	10	0	10
http://dbpedia.org/ontology/ScientificConcept	9	0	9	9	0	8	0	0	0	9	0	8
http://dbpedia.org/ontology/MotorRace	9	0	9	9	0	9	0	0	0	9	0	9
http://dbpedia.org/ontology/Humorist	10	1	9	10	0	10	1	0	1	9	0	9
http://dbpedia.org/ontology/Vicar	10	1	9	10	0	10	1	0	1	9	0	9
http://dbpedia.org/ontology/PrehistoricalPeriod	9	0	9	9	0	8	0	0	0	9	0	8
http://dbpedia.org/ontology/RaceTrack	10	1	9	10	0	10	1	0	1	9	0	9
http://dbpedia.org/ontology/Orphan	12	3	9	12	0	11	3	0	2	9	0	9
http://dbpedia.org/ontology/Rebellion	9	0	9	9	0	9	0	0	0	9	0	9
http://www.wikidata.org/entity/Q728	9	0	9	9	0	9	0	0	0	9	0	9
http://dbpedia.org/ontology/Priest	9	0	9	9	0	9	0	0	0	9	0	9
http://dbpedia.org/ontology/Shrine	9	0	9	9	0	9	0	0	0	9	0	9
http://dbpedia.org/ontology/Arrondissement	9	0	9	9	0	9	0	0	0	9	0	9
http://www.wikidata.org/entity/Q11410	9	0	9	9	0	9	0	0	0	9	0	9
http://dbpedia.org/ontology/HistoricalDistrict	9	0	9	9	0	9	0	0	0	9	0	9
http://dbpedia.org/ontology/Openswarm	9	0	9	9	0	9	0	0	0	9	0	9
http://dbpedia.org/ontology/SystemOfLaw	9	0	9	9	0	8	0	0	0	9	0	8
http://dbpedia.org/ontology/Intercommunality	9	0	9	9	0	9	0	0	0	9	0	9
http://www.wikidata.org/entity/Q36180	10	1	9	10	0	10	1	0	1	9	0	9
http://dbpedia.org/ontology/MathematicalConcept	9	0	9	9	0	8	0	0	0	9	0	8
http://dbpedia.org/ontology/Community	9	0	9	9	0	9	0	0	0	9	0	9
http://www.wikidata.org/entity/Q11190	8	0	8	8	0	8	0	0	0	8	0	8
http://dbpedia.org/ontology/Article	8	0	8	8	0	8	0	0	0	8	0	8
http://www.wikidata.org/entity/Q8445	8	0	8	8	0	8	0	0	0	8	0	8
http://dbpedia.org/ontology/MovingImage	10	2	8	10	0	10	2	0	2	8	0	8
http://dbpedia.org/ontology/Boxing	10	2	8	10	0	10	2	0	2	8	0	8
http://dbpedia.org/ontology/GraveMonument	8	0	8	8	0	8	0	0	0	8	0	8
http://dbpedia.org/ontology/GatedCommunity	8	0	8	8	0	8	0	0	0	8	0	8
http://dbpedia.org/ontology/PoliticalConcept	8	0	8	8	0	7	0	0	0	8	0	7
http://dbpedia.org/ontology/RomanEmperor	11	3	8	11	0	10	3	0	2	8	0	8
http://www.wikidata.org/entity/Q618779	8	0	8	8	0	8	0	0	0	8	0	8
http://dbpedia.org/ontology/Law	8	0	8	8	0	8	0	0	0	8	0	8
http://dbpedia.org/ontology/PoliticalFunction	9	1	8	9	0	8	1	0	1	8	0	7
http://dbpedia.org/ontology/HockeyClub	9	1	8	9	0	9	1	0	1	8	0	8
http://dbpedia.org/ontology/Drama	9	1	8	9	0	9	1	0	1	8	0	8
http://dbpedia.org/ontology/HistoricalAreaOfAuthority	8	0	8	8	0	8	0	0	0	8	0	8
http://dbpedia.org/ontology/SpaceMission	10	2	8	10	0	10	2	0	2	8	0	8
http://dbpedia.org/ontology/Annotation	8	0	8	8	0	8	0	0	0	8	0	8
http://dbpedia.org/ontology/Monastery	12	4	8	12	0	12	4	0	4	8	0	8
http://dbpedia.org/ontology/District	8	0	8	8	0	8	0	0	0	8	0	8
http://dbpedia.org/ontology/Regency	8	0	8	8	0	8	0	0	0	8	0	8
http://dbpedia.org/ontology/Standard	8	0	8	8	0	7	0	0	0	8	0	7
http://dbpedia.org/ontology/Meeting	8	0	8	8	0	8	0	0	0	8	0	8
http://dbpedia.org/ontology/LifeCycleEvent	8	0	8	8	0	8	0	0	0	8	0	8
http://dbpedia.org/ontology/BloodVessel	20	12	8	20	0	15	12	0	8	8	0	7
http://dbpedia.org/ontology/Globularswarm	7	0	7	7	0	7	0	0	0	7	0	7
http://dbpedia.org/ontology/BackScene	7	0	7	7	0	7	0	0	0	7	0	7
http://dbpedia.org/ontology/Biologist	7	0	7	7	0	7	0	0	0	7	0	7
http://dbpedia.org/ontology/PoliticianSpouse	10	3	7	10	0	9	3	0	2	7	0	7
http://dbpedia.org/ontology/ReligiousOrganisation	8	1	7	8	0	8	1	0	1	7	0	7
http://dbpedia.org/ontology/SubMunicipality	7	0	7	7	0	7	0	0	0	7	0	7
http://dbpedia.org/ontology/ElectricalSubstation	7	0	7	7	0	7	0	0	0	7	0	7
http://www.wikidata.org/entity/Q11424	7	0	7	7	0	7	0	0	0	7	0	7
http://dbpedia.org/ontology/FormulaOneRacing	7	0	7	7	0	7	0	0	0	7	0	7
http://dbpedia.org/ontology/TheologicalConcept	7	0	7	7	0	7	0	0	0	7	0	7
http://dbpedia.org/ontology/Contest	7	0	7	7	0	7	0	0	0	7	0	7
http://dbpedia.org/ontology/InternationalFootballLeagueEvent	7	0	7	7	0	7	0	0	0	7	0	7
http://dbpedia.org/ontology/Ratio	7	0	7	7	0	6	0	0	0	7	0	6
http://dbpedia.org/ontology/Psychologist	11	4	7	11	0	10	4	0	3	7	0	7
http://dbpedia.org/ontology/Athletics	11	4	7	11	0	10	4	0	3	7	0	7
http://dbpedia.org/ontology/Treaty	7	0	7	7	0	7	0	0	0	7	0	7
http://dbpedia.org/ontology/ControlledDesignationOfOriginWine	7	0	7	7	0	7	0	0	0	7	0	7
http://dbpedia.org/ontology/Lieutenant	9	2	7	9	0	9	2	0	2	7	0	7
http://dbpedia.org/ontology/Attack	7	1	6	7	0	7	1	0	1	6	0	6
http://www.wikidata.org/entity/Q901	6	0	6	6	0	6	0	0	0	6	0	6
http://dbpedia.org/ontology/Camera	7	1	6	7	0	7	1	0	1	6	0	6
http://dbpedia.org/ontology/SkiResort	6	0	6	6	0	6	0	0	0	6	0	6
http://dbpedia.org/ontology/Prefecture	6	0	6	6	0	6	0	0	0	6	0	6
http://dbpedia.org/ontology/BobsleighAthlete	7	1	6	7	0	7	1	0	1	6	0	6
http://dbpedia.org/ontology/SpeedSkater	6	0	6	6	0	6	0	0	0	6	0	6
http://dbpedia.org/ontology/Egyptologist	9	3	6	9	0	8	3	0	2	6	0	6
http://www.wikidata.org/entity/Q13414980	6	0	6	6	0	6	0	0	0	6	0	6
http://dbpedia.org/ontology/Quote	6	0	6	6	0	6	0	0	0	6	0	6
http://dbpedia.org/ontology/NuclearPowerStation	6	0	6	6	0	6	0	0	0	6	0	6
http://dbpedia.org/ontology/DistrictWaterBoard	6	0	6	6	0	6	0	0	0	6	0	6
http://dbpedia.org/ontology/RadioControlledRacingLeague	6	0	6	6	0	6	0	0	0	6	0	6
http://dbpedia.org/ontology/Caterer	6	0	6	6	0	6	0	0	0	6	0	6
http://dbpedia.org/ontology/TramStation	5	0	5	5	0	5	0	0	0	5	0	5
http://www.wikidata.org/entity/Q19546	5	0	5	5	0	5	0	0	0	5	0	5
http://dbpedia.org/ontology/Marriage	5	0	5	5	0	5	0	0	0	5	0	5
http://www.wikidata.org/entity/Q28640	5	0	5	5	0	5	0	0	0	5	0	5
http://www.wikidata.org/entity/Q11631	5	0	5	5	0	5	0	0	0	5	0	5
http://www.wikidata.org/entity/Q33829	5	0	5	5	0	5	0	0	0	5	0	5
http://www.wikidata.org/entity/Q40231	5	0	5	5	0	5	0	0	0	5	0	5
http://dbpedia.org/ontology/Fiefdom	6	1	5	6	0	6	1	0	1	5	0	5
http://dbpedia.org/ontology/FillingStation	6	1	5	6	0	6	1	0	1	5	0	5
http://dbpedia.org/ontology/StatedResolution	7	2	5	7	0	7	2	0	2	5	0	5
http://www.wikidata.org/entity/Q2566598	5	0	5	5	0	5	0	0	0	5	0	5
http://www.wikidata.org/entity/Q476300	5	0	5	5	0	5	0	0	0	5	0	5
http://dbpedia.org/ontology/Cat	5	0	5	5	0	5	0	0	0	5	0	5
http://dbpedia.org/ontology/MultiVolumePublication	5	0	5	5	0	5	0	0	0	5	0	5
http://www.wikidata.org/entity/Q7257	5	0	5	5	0	5	0	0	0	5	0	5
http://www.wikidata.org/entity/Q211236	5	0	5	5	0	5	0	0	0	5	0	5
http://www.wikidata.org/entity/Q152	5	0	5	5	0	5	0	0	0	5	0	5
http://dbpedia.org/ontology/Parish	5	0	5	5	0	5	0	0	0	5	0	5
http://www.wikidata.org/entity/Q729	5	0	5	5	0	5	0	0	0	5	0	5
http://dbpedia.org/ontology/Creek	5	0	5	5	0	5	0	0	0	5	0	5
http://www.wikidata.org/entity/Q16970	5	0	5	5	0	5	0	0	0	5	0	5
http://dbpedia.org/ontology/File	6	1	5	6	0	6	1	0	1	5	0	5
http://dbpedia.org/ontology/LiteraryGenre	6	1	5	6	0	6	1	0	1	5	0	5
http://dbpedia.org/ontology/Resume	6	1	5	6	0	6	1	0	1	5	0	5
http://www.wikidata.org/entity/Q18127	5	0	5	5	0	5	0	0	0	5	0	5
http://www.wikidata.org/entity/Q44782	5	0	5	5	0	5	0	0	0	5	0	5
http://dbpedia.org/ontology/NordicCombined	5	0	5	5	0	5	0	0	0	5	0	5
http://www.wikidata.org/entity/Q1930187	5	0	5	5	0	5	0	0	0	5	0	5
http://dbpedia.org/ontology/MovingWalkway	5	0	5	5	0	5	0	0	0	5	0	5
http://www.wikidata.org/entity/Q82799	5	1	4	5	0	5	1	0	1	4	0	4
http://dbpedia.org/ontology/ClericalOrder	5	1	4	5	0	5	1	0	1	4	0	4
http://www.wikidata.org/entity/Q753110	4	0	4	4	0	4	0	0	0	4	0	4
http://www.wikidata.org/entity/Q83405	4	0	4	4	0	4	0	0	0	4	0	4
http://www.wikidata.org/entity/Q25379	5	1	4	5	0	5	1	0	1	4	0	4
http://www.wikidata.org/entity/Q1777138	4	0	4	4	0	4	0	0	0	4	0	4
http://www.wikidata.org/entity/Q422211	4	0	4	4	0	4	0	0	0	4	0	4
http://www.wikidata.org/entity/Q42603	4	0	4	4	0	4	0	0	0	4	0	4
http://dbpedia.org/ontology/TeamSport	5	1	4	5	0	5	1	0	1	4	0	4
http://dbpedia.org/ontology/Soccer	4	0	4	4	0	4	0	0	0	4	0	4
http://www.wikidata.org/entity/Q44613	4	0	4	4	0	4	0	0	0	4	0	4
http://www.wikidata.org/entity/Q8161	4	0	4	4	0	4	0	0	0	4	0	4
http://dbpedia.org/ontology/Biathlete	6	2	4	6	0	6	2	0	2	4	0	4
http://dbpedia.org/ontology/MotocycleRacer	5	1	4	5	0	5	1	0	1	4	0	4
http://www.wikidata.org/entity/Q53060	4	0	4	4	0	4	0	0	0	4	0	4
http://dbpedia.org/ontology/RallyDriver	4	0	4	4	0	4	0	0	0	4	0	4
http://www.wikidata.org/entity/Q43115	4	0	4	4	0	4	0	0	0	4	0	4
http://www.wikidata.org/entity/Q8386	4	0	4	4	0	4	0	0	0	4	0	4
http://dbpedia.org/ontology/PersonalEvent	4	0	4	4	0	4	0	0	0	4	0	4
http://www.wikidata.org/entity/Q855091	4	0	4	4	0	4	0	0	0	4	0	4
http://dbpedia.org/ontology/GovernmentCabinet	4	0	4	4	0	4	0	0	0	4	0	4
http://www.wikidata.org/entity/Q28389	4	0	4	4	0	4	0	0	0	4	0	4
http://www.wikidata.org/entity/Q202444	5	1	4	5	0	5	1	0	1	4	0	4
http://www.wikidata.org/entity/Q49757	4	0	4	4	0	4	0	0	0	4	0	4
http://dbpedia.org/ontology/DigitalCamera	4	1	3	4	0	4	1	0	1	3	0	3
http://www.wikidata.org/entity/Q13474373	3	0	3	3	0	3	0	0	0	3	0	3
http://www.wikidata.org/entity/Q4610556	3	0	3	3	0	3	0	0	0	3	0	3
http://dbpedia.org/ontology/Monastry	3	0	3	3	0	3	0	0	0	3	0	3
http://www.wikidata.org/entity/Q10962	3	0	3	3	0	3	0	0	0	3	0	3
http://www.wikidata.org/entity/Q35749	3	0	3	3	0	3	0	0	0	3	0	3
http://www.wikidata.org/entity/Q392928	3	0	3	3	0	3	0	0	0	3	0	3
http://www.wikidata.org/entity/Q42178	3	0	3	3	0	3	0	0	0	3	0	3
http://www.wikidata.org/entity/Q1107	3	0	3	3	0	3	0	0	0	3	0	3
http://www.wikidata.org/entity/Q46970	3	0	3	3	0	3	0	0	0	3	0	3
http://dbpedia.org/ontology/Reference	3	0	3	3	0	3	0	0	0	3	0	3
http://schema.org/TVEpisode	3	0	3	3	0	3	0	0	0	3	0	3
http://www.wikidata.org/entity/Q17517	3	0	3	3	0	3	0	0	0	3	0	3
http://dbpedia.org/ontology/DTMRacer	3	0	3	3	0	3	0	0	0	3	0	3
http://www.wikidata.org/entity/Q11266439	3	0	3	3	0	3	0	0	0	3	0	3
http://dbpedia.org/ontology/RocketEngine	3	0	3	3	0	3	0	0	0	3	0	3
http://www.wikidata.org/entity/Q8436	3	0	3	3	0	3	0	0	0	3	0	3
http://www.wikidata.org/entity/Q868557	3	0	3	3	0	3	0	0	0	3	0	3
http://dbpedia.org/ontology/LightNovel	3	0	3	3	0	3	0	0	0	3	0	3
http://www.wikidata.org/entity/Q2526255	3	0	3	3	0	3	0	0	0	3	0	3
http://www.wikidata.org/entity/Q121998	3	0	3	3	0	3	0	0	0	3	0	3
http://www.wikidata.org/entity/Q44	3	0	3	3	0	3	0	0	0	3	0	3
http://www.wikidata.org/entity/Q9788	3	0	3	3	0	3	0	0	0	3	0	3
http://www.wikidata.org/entity/Q870	3	0	3	3	0	3	0	0	0	3	0	3
http://www.wikidata.org/entity/Q13590141	3	0	3	3	0	3	0	0	0	3	0	3
http://www.wikidata.org/entity/Q16533	3	0	3	3	0	3	0	0	0	3	0	3
http://www.wikidata.org/entity/Q930752	3	0	3	3	0	3	0	0	0	3	0	3
http://www.wikidata.org/entity/Q2761147	3	0	3	3	0	3	0	0	0	3	0	3
http://www.wikidata.org/entity/Q373085	3	0	3	3	0	3	0	0	0	3	0	3
http://www.wikidata.org/entity/Q2095	3	0	3	3	0	3	0	0	0	3	0	3
http://www.wikidata.org/entity/Q4964182	2	0	2	2	0	2	0	0	0	2	0	2
http://www.wikidata.org/entity/Q7365	2	0	2	2	0	2	0	0	0	2	0	2
http://www.wikidata.org/entity/Q7377	2	0	2	2	0	2	0	0	0	2	0	2
http://www.wikidata.org/entity/Q188094	2	0	2	2	0	2	0	0	0	2	0	2
http://schema.org/MusicRecording	2	0	2	2	0	2	0	0	0	2	0	2
http://www.wikidata.org/entity/Q131512	2	0	2	2	0	2	0	0	0	2	0	2
http://www.wikidata.org/entity/Q25326	2	0	2	2	0	2	0	0	0	2	0	2
http://www.wikidata.org/entity/Q8261	2	0	2	2	0	2	0	0	0	2	0	2
http://www.wikidata.org/entity/Q378622	2	0	2	2	0	2	0	0	0	2	0	2
http://www.wikidata.org/entity/Q627603	2	0	2	2	0	2	0	0	0	2	0	2
http://schema.org/Canal	2	0	2	2	0	2	0	0	0	2	0	2
http://www.wikidata.org/entity/Q1198887	2	0	2	2	0	2	0	0	0	2	0	2
http://www.wikidata.org/entity/Q40348	2	0	2	2	0	2	0	0	0	2	0	2
http://www.wikidata.org/entity/Q6607	2	0	2	2	0	2	0	0	0	2	0	2
http://www.wikidata.org/entity/Q7946	2	0	2	2	0	2	0	0	0	2	0	2
http://www.wikidata.org/entity/Q14660	2	0	2	2	0	2	0	0	0	2	0	2
http://www.wikidata.org/entity/Q133492	2	0	2	2	0	2	0	0	0	2	0	2
http://www.wikidata.org/entity/Q30185	2	0	2	2	0	2	0	0	0	2	0	2
http://www.wikidata.org/entity/Q10517054	2	0	2	2	0	2	0	0	0	2	0	2
http://www.wikidata.org/entity/Q32112	2	0	2	2	0	2	0	0	0	2	0	2
http://www.wikidata.org/entity/Q146	2	0	2	2	0	2	0	0	0	2	0	2
http://www.wikidata.org/entity/Q1344	2	0	2	2	0	2	0	0	0	2	0	2
http://www.wikidata.org/entity/Q33231	2	0	2	2	0	2	0	0	0	2	0	2
http://www.wikidata.org/entity/Q8928	2	0	2	2	0	2	0	0	0	2	0	2
http://www.wikidata.org/entity/Q6631808	2	0	2	2	0	2	0	0	0	2	0	2
http://www.wikidata.org/entity/Q7191	2	0	2	2	0	2	0	0	0	2	0	2
http://dbpedia.org/ontology/BelgiumSettlement	2	0	2	2	0	2	0	0	0	2	0	2
http://www.wikidata.org/entity/Q9430	2	0	2	2	0	2	0	0	0	2	0	2
http://www.wikidata.org/entity/Q79007	2	0	2	2	0	2	0	0	0	2	0	2
http://www.wikidata.org/entity/Q133215	2	0	2	2	0	2	0	0	0	2	0	2
http://www.wikidata.org/entity/Q9143	2	0	2	2	0	2	0	0	0	2	0	2
http://www.wikidata.org/entity/Q7275	2	0	2	2	0	2	0	0	0	2	0	2
http://www.wikidata.org/entity/Q1555508	1	0	1	1	0	1	0	0	0	1	0	1
http://www.wikidata.org/entity/Q11774891	1	0	1	1	0	1	0	0	0	1	0	1
http://www.wikidata.org/entity/Q2334719	1	0	1	1	0	1	0	0	0	1	0	1
http://www.wikidata.org/entity/Q48806	1	0	1	1	0	1	0	0	0	1	0	1
http://www.wikidata.org/entity/Q15982795	1	0	1	1	0	1	0	0	0	1	0	1
http://www.wikidata.org/entity/Q267298	1	0	1	1	0	1	0	0	0	1	0	1
http://www.wikidata.org/entity/Q623109	1	0	1	1	0	1	0	0	0	1	0	1
http://www.wikidata.org/entity/Q4886	1	0	1	1	0	1	0	0	0	1	0	1
http://www.wikidata.org/entity/Q3863	1	0	1	1	0	1	0	0	0	1	0	1
http://www.w3.org/2004/02/skos/core#OrderedCollection	1	0	1	1	0	1	0	0	0	1	0	1
http://www.wikidata.org/entity/Q245068	1	0	1	1	0	1	0	0	0	1	0	1
http://www.wikidata.org/entity/Q2743	1	0	1	1	0	1	0	0	0	1	0	1
http://www.wikidata.org/entity/Q1390	1	0	1	1	0	1	0	0	0	1	0	1
http://www.wikidata.org/entity/Q265868	1	0	1	1	0	1	0	0	0	1	0	1
http://www.wikidata.org/entity/Q613142	1	0	1	1	0	1	0	0	0	1	0	1
http://www.wikidata.org/entity/Q14128148	1	0	1	1	0	1	0	0	0	1	0	1
http://www.wikidata.org/entity/Q928830	1	0	1	1	0	1	0	0	0	1	0	1
http://www.wikidata.org/entity/Q13219666	1	0	1	1	0	1	0	0	0	1	0	1
http://www.wikidata.org/entity/Q32815	1	0	1	1	0	1	0	0	0	1	0	1
http://www.wikidata.org/entity/Q937857	5	4	1	5	0	2	4	0	1	1	0	1
http://www.wikidata.org/entity/Q35509	1	0	1	1	0	1	0	0	0	1	0	1
http://www.wikidata.org/entity/Q13415036	1	0	1	1	0	1	0	0	0	1	0	1
http://www.wikidata.org/entity/Q4270517	1	0	1	1	0	1	0	0	0	1	0	1
http://purl.org/ontology/bibo/Article	1	0	1	1	0	1	0	0	0	1	0	1
http://www.wikidata.org/entity/Q4498974	1	0	1	1	0	1	0	0	0	1	0	1
http://www.wikidata.org/entity/Q3665646	1	0	1	1	0	1	0	0	0	1	0	1
http://www.wikidata.org/entity/Q10843402	1	0	1	1	0	1	0	0	0	1	0	1
http://www.wikidata.org/entity/Q11303	1	0	1	1	0	1	0	0	0	1	0	1
http://www.wikidata.org/entity/Q3257686	1	0	1	1	0	1	0	0	0	1	0	1
http://www.wikidata.org/entity/Q15091377	5	4	1	5	0	3	4	0	2	1	0	1
http://schema.org/Painting	1	0	1	1	0	1	0	0	0	1	0	1
http://www.wikidata.org/entity/Q81096	1	0	1	1	0	1	0	0	0	1	0	1
http://www.wikidata.org/entity/Q1067263	1	0	1	1	0	1	0	0	0	1	0	1
http://schema.org/SeaBodyOfWater	1	0	1	1	0	1	0	0	0	1	0	1
http://www.wikidata.org/entity/Q38720	1	0	1	1	0	1	0	0	0	1	0	1
http://www.wikidata.org/entity/Q8047	1	0	1	1	0	1	0	0	0	1	0	1
http://schema.org/Sculpture	1	0	1	1	0	1	0	0	0	1	0	1
http://www.wikidata.org/entity/Q39614	1	0	1	1	0	1	0	0	0	1	0	1
http://www.wikidata.org/entity/Q5185279	1	0	1	1	0	1	0	0	0	1	0	1
http://www.wikidata.org/entity/Q12518	1	0	1	1	0	1	0	0	0	1	0	1
http://www.wikidata.org/entity/Q25324	1	0	1	1	0	1	0	0	0	1	0	1
http://www.wikidata.org/entity/Q1028181	1	0	1	1	0	1	0	0	0	1	0	1
http://www.wikidata.org/entity/Q3055126	1	0	1	1	0	1	0	0	0	1	0	1
http://www.wikidata.org/entity/Q93301	1	0	1	1	0	1	0	0	0	1	0	1
http://www.wikidata.org/entity/Q12516	1	0	1	1	0	1	0	0	0	1	0	1
http://www.wikidata.org/entity/Q697295	1	0	1	1	0	1	0	0	0	1	0	1
http://www.wikidata.org/entity/Q10833314	1	0	1	1	0	1	0	0	0	1	0	1
http://www.wikidata.org/entity/Q340169	1	0	1	1	0	1	0	0	0	1	0	1
http://www.wikidata.org/entity/Q15117302	1	0	1	1	0	1	0	0	0	1	0	1
http://www.wikidata.org/entity/Q174782	1	0	1	1	0	1	0	0	0	1	0	1
http://www.wikidata.org/entity/Q3282637	1	0	1	1	0	1	0	0	0	1	0	1
http://www.wikidata.org/entity/Q16266334	1	0	1	1	0	1	0	0	0	1	0	1
http://www.wikidata.org/entity/Q13417114	1	0	1	1	0	1	0	0	0	1	0	1
http://www.wikidata.org/entity/Q178885	1	0	1	1	0	1	0	0	0	1	0	1
http://www.wikidata.org/entity/Q16278103	1	0	1	1	0	1	0	0	0	1	0	1
http://www.wikidata.org/entity/Q11862829	1	0	1	1	0	1	0	0	0	1	0	1
http://www.wikidata.org/entity/Q8274	1	0	1	1	0	1	0	0	0	1	0	1
http://www.wikidata.org/entity/Q220505	1	0	1	1	0	1	0	0	0	1	0	1
http://www.wikidata.org/entity/Q488111	1	0	1	1	0	1	0	0	0	1	0	1
http://www.wikidata.org/entity/Q177220	1	0	1	1	0	1	0	0	0	1	0	1
http://www.wikidata.org/entity/Q628099	1	0	1	1	0	1	0	0	0	1	0	1
http://www.wikidata.org/entity/Q10871364	1	0	1	1	0	1	0	0	0	1	0	1
http://www.wikidata.org/entity/Q754669	0	0	0	0	0	0	0	0	0	0	0	0
http://dbpedia.org/ontology/Archbishop	0	0	0	0	0	0	0	0	0	0	0	0
http://www.wikidata.org/entity/Q3387717	0	0	0	0	0	0	0	0	0	0	0	0
http://www.wikidata.org/entity/Q172937	0	0	0	0	0	0	0	0	0	0	0	0
http://www.wikidata.org/entity/Q2385804	0	0	0	0	0	0	0	0	0	0	0	0
http://www.wikidata.org/entity/Q43501	0	0	0	0	0	0	0	0	0	0	0	0
http://dbpedia.org/ontology/MedicalSpecialty	0	0	0	0	0	0	0	0	0	0	0	0
http://www.wikidata.org/entity/Q3153117	0	0	0	0	0	0	0	0	0	0	0	0
http://www.wikidata.org/entity/Q6545185	0	0	0	0	0	0	0	0	0	0	0	0
http://dbpedia.org/ontology/Tenure	0	0	0	0	0	0	0	0	0	0	0	0
http://www.wikidata.org/entity/Q34493	2	2	0	2	0	1	2	0	1	0	0	0
http://www.ontologydesignpatterns.org/ont/dul/DUL.owlChemicalObject	0	0	0	0	0	0	0	0	0	0	0	0
http://ontologydesignpatterns.org/ont/wikipedia/d0.owl#Activity	0	0	0	0	0	0	0	0	0	0	0	0
http://www.wikidata.org/entity/Q25372	0	0	0	0	0	0	0	0	0	0	0	0
http://www.wikidata.org/entity/Q130003	0	0	0	0	0	0	0	0	0	0	0	0
http://dbpedia.org/ontology/Infrastucture	0	0	0	0	0	0	0	0	0	0	0	0
http://www.wikidata.org/entity/Q1444	0	0	0	0	0	0	0	0	0	0	0	0
http://www.ontologydesignpatterns.org/ont/dul/DUL.owlTimeInterval	0	0	0	0	0	0	0	0	0	0	0	0
http://www.ontologydesignpatterns.org/ont/dul/DUL.owlAgent	0	0	0	0	0	0	0	0	0	0	0	0
http://www.ontologydesignpatterns.org/ont/dul/DUL.owlSituation	0	0	0	0	0	0	0	0	0	0	0	0
http://www.wikidata.org/entity/Q1949963	0	0	0	0	0	0	0	0	0	0	0	0
http://dbpedia.org/ontology/HistoricalEvent	0	0	0	0	0	0	0	0	0	0	0	0
http://dbpedia.org/ontology/HungarySettlement	0	0	0	0	0	0	0	0	0	0	0	0
http://www.wikidata.org/entity/Q8054	0	0	0	0	0	0	0	0	0	0	0	0
http://www.wikidata.org/entity/Q39816	0	0	0	0	0	0	0	0	0	0	0	0
http://www.wikidata.org/entity/Q41253	0	0	0	0	0	0	0	0	0	0	0	0
http://www.wikidata.org/entity/Q15854792	0	0	0	0	0	0	0	0	0	0	0	0
http://www.ontologydesignpatterns.org/ont/dul/DUL.owlInformationObject	0	0	0	0	0	0	0	0	0	0	0	0
http://www.wikidata.org/entity/Q13156709	0	0	0	0	0	0	0	0	0	0	0	0
http://dbpedia.org/ontology/_Parish	0	0	0	0	0	0	0	0	0	0	0	0
http://www.wikidata.org/entity/Q1298668	0	0	0	0	0	0	0	0	0	0	0	0
http://www.wikidata.org/entity/Q13561328	0	0	0	0	0	0	0	0	0	0	0	0
http://www.wikidata.org/entity/Q3887	0	0	0	0	0	0	0	0	0	0	0	0
http://schema.org/WebSite	0	0	0	0	0	0	0	0	0	0	0	0
http://dbpedia.org/ontology/Battery	0	0	0	0	0	0	0	0	0	0	0	0
http://www.wikidata.org/entity/Q3501317	0	0	0	0	0	0	0	0	0	0	0	0
http://www.wikidata.org/entity/Q2722764	0	0	0	0	0	0	0	0	0	0	0	0
http://www.wikidata.org/entity/Q3621491	0	0	0	0	0	0	0	0	0	0	0	0
http://www.wikidata.org/entity/Q206229	0	0	0	0	0	0	0	0	0	0	0	0
http://purl.org/ontology/bibo/Note	0	0	0	0	0	0	0	0	0	0	0	0
http://www.wikidata.org/entity/Q3053337	0	0	0	0	0	0	0	0	0	0	0	0
http://www.wikidata.org/entity/Q515716	0	0	0	0	0	0	0	0	0	0	0	0
http://www.ontologydesignpatterns.org/ont/dul/DUL.owlEvent	0	0	0	0	0	0	0	0	0	0	0	0
http://www.wikidata.org/entity/Q15410431	0	0	0	0	0	0	0	0	0	0	0	0
http://www.wikidata.org/entity/Q19730508	0	0	0	0	0	0	0	0	0	0	0	0
http://www.wikidata.org/entity/Q14467526	0	0	0	0	0	0	0	0	0	0	0	0
http://www.wikidata.org/entity/Q13365117	0	0	0	0	0	0	0	0	0	0	0	0
http://www.wikidata.org/entity/Q10842936	0	0	0	0	0	0	0	0	0	0	0	0
http://www.wikidata.org/entity/Q134447	0	0	0	0	0	0	0	0	0	0	0	0
http://www.wikidata.org/entity/Q683267	0	0	0	0	0	0	0	0	0	0	0	0
http://www.wikidata.org/entity/Q737498Q13381863	0	0	0	0	0	0	0	0	0	0	0	0
http://www.wikidata.org/entity/Q131436	0	0	0	0	0	0	0	0	0	0	0	0
http://www.wikidata.org/entity/Q1620908	0	0	0	0	0	0	0	0	0	0	0	0
http://dbpedia.org/ontology/_CareerStation	0	0	0	0	0	0	0	0	0	0	0	0
http://www.wikidata.org/entity/Q847400	0	0	0	0	0	0	0	0	0	0	0	0
http://www.wikidata.org/entity/Q1970725	0	0	0	0	0	0	0	0	0	0	0	0
http://www.wikidata.org/entity/Q166118	0	0	0	0	0	0	0	0	0	0	0	0
http://www.wikidata.org/entity/Q160742	0	0	0	0	0	0	0	0	0	0	0	0
http://www.wikidata.org/entity/Q10978	0	0	0	0	0	0	0	0	0	0	0	0
http://www.wikidata.org/entity/Q13382576	0	0	0	0	0	0	0	0	0	0	0	0
http://www.wikidata.org/entity/Q11514315	0	0	0	0	0	0	0	0	0	0	0	0
http://ontologydesignpatterns.org/ont/wikipedia/d0.owl#CognitiveEntity	0	0	0	0	0	0	0	0	0	0	0	0
http://www.wikidata.org/entity/Q282	0	0	0	0	0	0	0	0	0	0	0	0
http://dbpedia.org/ontology/CombinationDrug	0	0	0	0	0	0	0	0	0	0	0	0
http://www.wikidata.org/entity/Q9655	0	0	0	0	0	0	0	0	0	0	0	0
http://www.wikidata.org/entity/Q1353183	0	0	0	0	0	0	0	0	0	0	0	0
http://www.wikidata.org/entity/Q12973014	0	0	0	0	0	0	0	0	0	0	0	0
http://www.ontologydesignpatterns.org/ont/dul/DUL.owlDescription	0	0	0	0	0	0	0	0	0	0	0	0
http://www.wikidata.org/entity/Q524572	0	0	0	0	0	0	0	0	0	0	0	0
http://www.wikidata.org/entity/Q9620	0	0	0	0	0	0	0	0	0	0	0	0
http://www.wikidata.org/entity/Q2020153	0	0	0	0	0	0	0	0	0	0	0	0
http://dbpedia.org/ontology/WikimediaTemplate	0	0	0	0	0	0	0	0	0	0	0	0
http://www.wikidata.org/entity/Q842606	0	0	0	0	0	0	0	0	0	0	0	0
http://ontologydesignpatterns.org/ont/wikipedia/d0.owl#Location	0	0	0	0	0	0	0	0	0	0	0	0
http://www.wikidata.org/entity/Q1311958	0	0	0	0	0	0	0	0	0	0	0	0
http://www.wikidata.org/entity/Q39715	0	0	0	0	0	0	0	0	0	0	0	0
http://dbpedia.org/ontology/NorwaySettlement	0	0	0	0	0	0	0	0	0	0	0	0
http://www.ontologydesignpatterns.org/ont/dul/DUL.owlSocialPerson	0	0	0	0	0	0	0	0	0	0	0	0
http://www.wikidata.org/entity/Q216048	0	0	0	0	0	0	0	0	0	0	0	0
http://www.wikidata.org/entity/Q7187	0	0	0	0	0	0	0	0	0	0	0	0
http://dbpedia.org/ontology/MilitaryService	0	0	0	0	0	0	0	0	0	0	0	0
http://www.wikidata.org/entity/Q318	0	0	0	0	0	0	0	0	0	0	0	0
http://dbpedia.org/ontology/LebanonSettlement	0	0	0	0	0	0	0	0	0	0	0	0
http://www.wikidata.org/entity/Q178790	0	0	0	0	0	0	0	0	0	0	0	0
http://www.wikidata.org/entity/Q41291	0	0	0	0	0	0	0	0	0	0	0	0
http://dbpedia.org/ontology/LiechtensteinSettlement	0	0	0	0	0	0	0	0	0	0	0	0
http://dbpedia.org/ontology/RomaniaSettlement	0	0	0	0	0	0	0	0	0	0	0	0
http://www.ontologydesignpatterns.org/ont/dul/DUL.owlCollection	0	0	0	0	0	0	0	0	0	0	0	0
http://www.wikidata.org/entity/Q947873	0	0	0	0	0	0	0	0	0	0	0	0
http://www.ontologydesignpatterns.org/ont/dul/DUL.owlFunctionalSubstance	0	0	0	0	0	0	0	0	0	0	0	0
http://dbpedia.org/ontology/TopLevelDomain	0	0	0	0	0	0	0	0	0	0	0	0
http://www.wikidata.org/entity/Q142714	0	0	0	0	0	0	0	0	0	0	0	0
http://dbpedia.org/ontology/GermanSettlement	0	0	0	0	0	0	0	0	0	0	0	0
http://www.wikidata.org/entity/Q44494	0	0	0	0	0	0	0	0	0	0	0	0
http://www.wikidata.org/entity/Q234460	0	0	0	0	0	0	0	0	0	0	0	0
http://www.wikidata.org/entity/Q2133344	0	0	0	0	0	0	0	0	0	0	0	0
http://www.ontologydesignpatterns.org/ont/dul/DUL.owlDesignedArtifact	0	0	0	0	0	0	0	0	0	0	0	0
http://www.wikidata.org/entity/Q214917	0	0	0	0	0	0	0	0	0	0	0	0
http://dbpedia.org/ontology/Vaccine	0	0	0	0	0	0	0	0	0	0	0	0
http://www.wikidata.org/entity/Q13382519	0	0	0	0	0	0	0	0	0	0	0	0
http://www.wikidata.org/entity/Q747381	0	0	0	0	0	0	0	0	0	0	0	0
http://www.wikidata.org/entity/Q484188	0	0	0	0	0	0	0	0	0	0	0	0
http://www.wikidata.org/entity/Q1350189	0	0	0	0	0	0	0	0	0	0	0	0
http://www.wikidata.org/entity/Q274153	0	0	0	0	0	0	0	0	0	0	0	0
http://www.ontologydesignpatterns.org/ont/dul/DUL.owlPlanExecution	0	0	0	0	0	0	0	0	0	0	0	0
http://www.ontologydesignpatterns.org/ont/dul/DUL.owlEntity	0	0	0	0	0	0	0	0	0	0	0	0
http://www.wikidata.org/entity/Q212980	0	0	0	0	0	0	0	0	0	0	0	0
http://www.ontologydesignpatterns.org/ont/dul/DUL.owlNaturalPerson	0	0	0	0	0	0	0	0	0	0	0	0
http://www.wikidata.org/entity/Q25956	0	0	0	0	0	0	0	0	0	0	0	0
http://dbpedia.org/ontology/MonoclonalAntibody	0	0	0	0	0	0	0	0	0	0	0	0
http://www.wikidata.org/entity/Q34627	0	0	0	0	0	0	0	0	0	0	0	0
http://www.wikidata.org/entity/Q40218	0	0	0	0	0	0	0	0	0	0	0	0
http://dbpedia.org/ontology/SwitzerlandSettlement	0	0	0	0	0	0	0	0	0	0	0	0
http://www.wikidata.org/entity/Q177380	0	0	0	0	0	0	0	0	0	0	0	0
http://schema.org/Comment	0	0	0	0	0	0	0	0	0	0	0	0
http://dbpedia.org/ontology/_NaturalEvent	0	0	0	0	0	0	0	0	0	0	0	0
http://www.wikidata.org/entity/Q13219587	0	0	0	0	0	0	0	0	0	0	0	0
http://www.ontologydesignpatterns.org/ont/dul/DUL.owlConcept	0	0	0	0	0	0	0	0	0	0	0	0
http://dbpedia.org/ontology/Identifier	0	0	0	0	0	0	0	0	0	0	0	0
http://www.wikidata.org/entity/Q14296	0	0	0	0	0	0	0	0	0	0	0	0
http://dbpedia.org/ontology/Reign	0	0	0	0	0	0	0	0	0	0	0	0
http://www.ontologydesignpatterns.org/ont/dul/DUL.owlSpaceRegion	0	0	0	0	0	0	0	0	0	0	0	0
http://www.wikidata.org/entity/Q9609	0	0	0	0	0	0	0	0	0	0	0	0
http://www.w3.org/2003/01/geo/wgs84pos#SpatialThing	0	0	0	0	0	0	0	0	0	0	0	0
http://www.wikidata.org/entity/Q562214	0	0	0	0	0	0	0	0	0	0	0	0
http://www.wikidata.org/entity/Q33837	0	0	0	0	0	0	0	0	0	0	0	0
http://www.wikidata.org/entity/Q185187	0	0	0	0	0	0	0	0	0	0	0	0
http://www.wikidata.org/entity/Q190200	0	0	0	0	0	0	0	0	0	0	0	0
http://www.wikidata.org/entity/Q39888	0	0	0	0	0	0	0	0	0	0	0	0
http://www.wikidata.org/entity/Q23691	0	0	0	0	0	0	0	0	0	0	0	0
http://www.wikidata.org/entity/Q44377	0	0	0	0	0	0	0	0	0	0	0	0
http://dbpedia.org/ontology/_Monument	0	0	0	0	0	0	0	0	0	0	0	0
http://www.wikidata.org/entity/Q101600	0	0	0	0	0	0	0	0	0	0	0	0
http://www.wikidata.org/entity/Q202216	0	0	0	0	0	0	0	0	0	0	0	0
http://www.wikidata.org/entity/Q1348589	0	0	0	0	0	0	0	0	0	0	0	0
http://dbpedia.org/ontology/Bishop	0	0	0	0	0	0	0	0	0	0	0	0
http://www.wikidata.org/entity/Q225829	0	0	0	0	0	0	0	0	0	0	0	0
http://dbpedia.org/ontology/_AdministrativeRegion	0	0	0	0	0	0	0	0	0	0	0	0
http://dbpedia.org/ontology/_PopulatedPlace	0	0	0	0	0	0	0	0	0	0	0	0
http://www.wikidata.org/entity/Q161837	0	0	0	0	0	0	0	0	0	0	0	0
